0 0
5 0
10 848
15 892
20 0
25 0
30 889
35 0
40 855
45 0
50 0
55 863
60 882
65 0
70 0
75 849
80 872
85 888
90 0
95 0
100 859
105 879
110 0
115 0
120 846
125 869
130 887
135 0
140 0
145 863
150 886
155 0
160 848
165 875
170 0
175 0
180 857
185 881
190 0
195 0
200 862
205 886
210 0
215 0
220 870
225 895
230 0
235 850
240 875
245 0
250 0
255 860
260 883
265 0
270 0
275 864
280 889
285 0
290 0
295 870
300 0
305 0
310 857
315 878
320 0
325 0
330 863
335 887
340 0
345 0
350 872
355 0
360 0
365 852
370 879
375 0
380 0
385 860
390 883
395 0
400 0
405 867
410 892
415 0
420 849
425 875
430 0
435 0
440 857
445 882
450 0
455 0
460 865
465 891
470 0
475 534
480 870
485 0
490 0
495 856
500 880
505 0
510 849
515 877
520 0
525 0
530 861
535 884
540 0
545 0
550 864
555 890
560 0
565 0
570 870
575 0
580 0
585 854
590 881
595 0
600 0
605 864
610 889
615 0
620 0
625 872
630 0
635 0
640 852
645 878
650 0
655 0
660 862
665 888
670 0
675 0
680 869
685 895
690 0
695 848
700 877
705 0
710 0
715 862
720 883
725 0
730 0
735 867
740 893
745 0
750 846
755 875
760 0
765 0
770 858
775 883
780 0
785 0
790 890
795 0
800 0
805 871
810 0
815 0
820 856
825 878
830 0
835 0
840 862
845 888
850 0
855 861
860 885
865 0
870 0
875 869
880 893
885 0
890 847
895 872
900 0
905 0
910 858
915 881
920 0
925 0
930 866
935 888
940 0
945 0
950 871
955 0
960 0
965 854
970 881
975 0
980 0
985 865
990 890
995 0
1000 0
1005 873
1010 0
1015 0
1020 855
1025 879
1030 0
1035 0
1040 863
1045 888
1050 0
1055 0
1060 873
1065 0
1070 0
1075 855
1080 882
1085 0
1090 0
1095 867
1100 893
1105 0
1110 848
1115 874
1120 0
1125 0
1130 860
1135 885
1140 0
1145 0
1150 866
1155 894
1160 0
1165 853
1170 0
1175 0
1180 849
1185 877
1190 0
1195 0
1200 860
1205 884
1210 0
1215 0
1220 868
1225 893
1230 0
1235 847
1240 874
1245 0
1250 0
1255 855
1260 880
1265 0
1270 0
1275 865
1280 889
1285 0
1290 0
1295 871
1300 0
1305 0
1310 855
1315 879
1320 0
1325 0
1330 862
1335 888
1340 0
1345 0
1350 868
1355 0
1360 0
1365 852
1370 877
1375 0
1380 0
1385 858
1390 884
1395 0
1400 0
1405 865
1410 892
1415 0
1420 401
1425 873
1430 0
1435 0
1440 857
1445 881
1450 0
1455 0
1460 864
1465 889
1470 0
1475 0
1480 875
1485 0
1490 852
1495 878
1500 0
1505 0
1510 860
1515 883
1520 0
1525 0
1530 866
1535 891
1540 0
1545 847
1550 873
1555 0
1560 0
1565 858
1570 880
1575 889
1580 0
1585 0
1590 866
1595 893
1600 0
1605 847
1610 874
1615 0
1620 0
1625 857
1630 881
1635 0
1640 0
1645 887
1650 0
1655 0
1660 868
1665 0
1670 0
1675 848
1680 874
1685 0
1690 0
1695 860
1700 883
1705 0
1710 0
1715 866
1720 890
1725 0
1730 846
1735 873
1740 0
1745 0
1750 857
1755 882
1760 0
1765 0
1770 867
1775 893
1780 0
1785 846
1790 875
1795 0
1800 0
1805 860
1810 884
1815 0
1820 0
1825 872
1830 0
1835 0
1840 855
1845 881
1850 0
1855 0
1860 875
1865 0
1870 0
1875 856
1880 880
1885 0
1890 0
1895 863
1900 886
1905 0
1910 0
1915 870
1920 0
1925 0
1930 854
1935 876
1940 0
1945 0
1950 861
1955 888
1960 0
1965 0
1970 871
1975 892
1980 0
1985 848
1990 876
1995 0
2000 0
2005 860
2010 885
2015 0
2020 0
2025 868
2030 286
2035 0
2040 852
2045 880
2050 0
2055 0
2060 864
2065 891
2070 0
2075 846
2080 873
2085 0
2090 0
2095 854
2100 881
2105 0
2110 0
2115 867
2120 890
2125 0
2130 847
2135 875
2140 0
2145 0
2150 861
2155 887
2160 0
2165 0
2170 872
2175 0
2180 847
2185 870
2190 0
2195 0
2200 856
2205 881
2210 0
2215 0
2220 865
2225 889
2230 0
2235 0
2240 870
2245 0
2250 0
2255 857
2260 878
2265 0
2270 0
2275 861
2280 888
2285 0
2290 0
2295 871
2300 0
2305 0
2310 854
2315 877
2320 0
2325 0
2330 861
2335 887
2340 0
2345 0
2350 868
2355 889
2360 0
2365 0
2370 854
2375 879
2380 0
2385 0
2390 863
2395 886
2400 0
2405 0
2410 873
2415 0
2420 0
2425 854
2430 876
2435 0
2440 0
2445 864
2450 886
2455 0
2460 859
2465 882
2470 0
2475 0
2480 864
2485 888
2490 0
2495 0
2500 873
2505 0
2510 0
2515 856
2520 880
2525 0
2530 0
2535 860
2540 886
2545 0
2550 0
2555 870
2560 0
2565 0
2570 848
2575 878
2580 0
2585 0
2590 870
2595 893
2600 0
2605 850
2610 874
2615 0
2620 0
2625 860
2630 883
2635 0
2640 0
2645 866
2650 888
2655 0
2660 0
2665 870
2670 0
2675 0
2680 856
2685 880
2690 0
2695 0
2700 863
2705 887
2710 0
2715 0
2720 870
2725 0
2730 0
2735 858
2740 880
2745 0
2750 0
2755 867
2760 892
2765 0
2770 0
2775 0
2780 0
2785 0
2790 0
2795 0
2800 869
2805 890
2810 0
2815 847
2820 0
2825 0
2830 852
2835 876
2840 0
2845 0
2850 857
2855 882
2860 0
2865 0
2870 865
2875 888
2880 0
2885 0
2890 870
2895 0
2900 0
2905 852
2910 878
2915 0
2920 0
2925 861
2930 0
2935 494
2940 873
2945 0
2950 0
2955 854
2960 878
2965 0
2970 0
2975 861
2980 884
2985 0
2990 0
2995 869
3000 895
3005 0
3010 846
3015 876
3020 0
3025 0
3030 857
3035 881
3040 0
3045 0
3050 867
3055 891
3060 0
3065 847
3070 871
3075 0
3080 0
3085 859
3090 880
3095 0
3100 0
3105 867
3110 893
3115 0
3120 848
3125 874
3130 0
3135 0
3140 860
3145 882
3150 0
3155 870
3160 0
3165 0
3170 857
3175 881
3180 0
3185 870
3190 0
3195 0
3200 855
3205 877
3210 0
3215 0
3220 861
3225 885
3230 0
3235 0
3240 866
3245 892
3250 0
3255 847
3260 875
3265 0
3270 0
3275 857
3280 881
3285 0
3290 0
3295 865
3300 889
3305 0
3310 0
3315 873
3320 0
3325 0
3330 856
3335 878
3340 0
3345 0
3350 863
3355 886
3360 0
3365 0
3370 869
3375 892
3380 0
3385 848
3390 872
3395 0
3400 0
3405 857
3410 881
3415 0
3420 0
3425 862
3430 889
3435 0
3440 847
3445 874
3450 0
3455 0
3460 855
3465 880
3470 0
3475 0
3480 865
3485 889
3490 0
3495 0
3500 871
3505 0
3510 0
3515 852
3520 877
3525 0
3530 0
3535 860
3540 884
3545 0
3550 0
3555 868
3560 890
3565 0
3570 846
3575 874
3580 0
3585 0
3590 857
3595 888
3600 0
3605 514
3610 870
3615 0
3620 0
3625 860
3630 885
3635 0
3640 0
3645 867
3650 893
3655 0
3660 848
3665 873
3670 0
3675 0
3680 856
3685 881
3690 0
3695 0
3700 864
3705 890
3710 0
3715 0
3720 872
3725 0
3730 0
3735 857
3740 878
3745 0
3750 0
3755 866
3760 889
3765 0
3770 847
3775 876
3780 0
3785 0
3790 859
3795 884
3800 0
3805 0
3810 867
3815 892
3820 0
3825 849
3830 877
3835 0
3840 0
3845 860
3850 887
3855 0
3860 0
3865 868
3870 0
3875 0
3880 865
3885 886
3890 0
3895 0
3900 873
3905 0
3910 0
3915 852
3920 879
3925 0
3930 0
3935 860
3940 862
3945 886
3950 0
3955 0
3960 870
3965 0
3970 0
3975 850
3980 876
3985 0
3990 0
3995 860
4000 884
4005 0
4010 0
4015 869
4020 0
4025 0
4030 854
4035 879
4040 0
4045 0
4050 862
4055 886
4060 0
4065 0
4070 870
4075 0
4080 0
4085 854
4090 881
4095 0
4100 0
4105 866
4110 892
4115 0
4120 845
4125 874
4130 0
4135 0
4140 860
4145 885
4150 0
4155 0
4160 869
4165 893
4170 0
4175 848
4180 876
4185 0
4190 0
4195 883
4200 0
4205 0
4210 865
4215 891
4220 0
4225 0
4230 870
4235 0
4240 0
4245 854
4250 881
4255 0
4260 0
4265 862
4270 886
4275 0
4280 0
4285 872
4290 0
4295 0
4300 856
4305 878
4310 0
4315 0
4320 861
4325 885
4330 0
4335 0
4340 866
4345 892
4350 0
4355 846
4360 873
4365 0
4370 0
4375 856
4380 881
4385 0
4390 0
4395 863
4400 888
4405 0
4410 0
4415 869
4420 0
4425 0
4430 849
4435 877
4440 0
4445 858
4450 881
4455 0
4460 0
4465 866
4470 888
4475 0
4480 0
4485 870
4490 0
4495 0
4500 856
4505 880
4510 0
4515 0
4520 860
4525 886
4530 0
4535 0
4540 869
4545 895
4550 0
4555 850
4560 877
4565 0
4570 0
4575 860
4580 886
4585 0
4590 0
4595 866
4600 894
4605 0
4610 847
4615 872
4620 0
4625 0
4630 858
4635 882
4640 0
4645 0
4650 865
4655 889
4660 0
4665 0
4670 867
4675 890
4680 0
4685 846
4690 872
4695 0
4700 0
4705 855
4710 881
4715 0
4720 0
4725 865
4730 874
4735 0
4740 0
4745 856
4750 884
4755 0
4760 0
4765 869
4770 895
4775 0
4780 847
4785 877
4790 0
4795 0
4800 860
4805 885
4810 0
4815 0
4820 870
4825 0
4830 0
4835 855
4840 881
4845 0
4850 0
4855 863
4860 887
4865 0
4870 627
4875 873
4880 0
4885 0
4890 866
4895 890
4900 0
4905 0
4910 873
4915 0
4920 0
4925 854
4930 879
4935 0
4940 0
4945 863
4950 886
4955 0
4960 0
4965 868
4970 894
4975 0
4980 849
4985 877
4990 0
4995 0
5000 862
5005 886
5010 0
5015 0
5020 868
5025 0
5030 0
5035 852
5040 879
5045 0
5050 0
5055 862
5060 887
5065 0
5070 0
5075 881
5080 0
5085 0
5090 867
5095 891
5100 0
5105 0
5110 873
5115 0
5120 0
5125 856
5130 877
5135 0
5140 0
5145 864
5150 888
5155 0
5160 0
5165 868
5170 0
5175 0
5180 852
5185 878
5190 0
5195 0
5200 862
5205 0
5210 0
5215 858
5220 885
5225 0
5230 0
5235 867
5240 891
5245 0
5250 638
5255 873
5260 0
5265 0
5270 857
5275 882
5280 0
5285 0
5290 863
5295 887
5300 0
5305 0
5310 868
5315 0
5320 0
5325 856
5330 876
5335 0
5340 0
5345 862
5350 886
5355 0
5360 0
5365 866
5370 890
5375 0
5380 847
5385 873
5390 0
5395 0
5400 857
5405 882
5410 0
5415 0
5420 866
5425 0
5430 0
5435 861
5440 884
5445 0
5450 0
5455 869
5460 892
5465 0
5470 847
5475 875
5480 0
5485 0
5490 857
5495 880
5500 0
5505 0
5510 864
5515 880
5520 880
5525 0
5530 0
5535 862
5540 888
5545 0
5550 0
5555 870
5560 894
5565 0
5570 848
5575 874
5580 0
5585 871
5590 894
5595 0
5600 849
5605 874
5610 0
5615 0
5620 859
5625 883
5630 0
5635 0
5640 866
5645 890
5650 0
5655 844
5660 873
5665 0
5670 0
5675 857
5680 881
5685 0
5690 0
5695 859
5700 881
5705 0
5710 0
5715 866
5720 888
5725 0
5730 0
5735 871
5740 0
5745 0
5750 857
5755 881
5760 0
5765 0
5770 863
5775 886
5780 0
5785 0
5790 871
5795 0
5800 887
5805 0
5810 0
5815 0
5820 863
5825 882
5830 0
5835 0
5840 865
5845 887
5850 0
5855 0
5860 869
5865 892
5870 0
5875 846
5880 874
5885 0
5890 0
5895 857
5900 882
5905 0
5910 0
5915 864
5920 887
5925 0
5930 0
5935 871
5940 0
5945 0
5950 855
5955 879
5960 0
5965 0
5970 862
5975 884
5980 0
5985 0
5990 868
5995 894
6000 0
6005 849
6010 878
6015 0
6020 0
6025 858
6030 884
6035 0
6040 0
6045 867
6050 892
6055 0
6060 846
6065 874
6070 0
6075 0
6080 857
6085 883
6090 0
6095 0
6100 864
6105 892
6110 0
6115 0
6120 873
6125 0
6130 0
6135 857
6140 881
6145 0
6150 0
6155 862
6160 887
6165 0
6170 0
6175 870
6180 0
6185 0
6190 856
6195 878
6200 0
6205 0
6210 863
6215 0
6220 0
6225 867
6230 890
6235 0
6240 846
6245 874
6250 0
6255 0
6260 855
6265 882
6270 0
6275 0
6280 864
6285 889
6290 0
6295 0
6300 870
6305 0
6310 856
6315 879
6320 0
6325 0
6330 862
6335 887
6340 0
6345 0
6350 869
6355 107
6360 0
6365 848
6370 878
6375 0
6380 0
6385 859
6390 885
6395 0
6400 0
6405 867
6410 892
6415 0
6420 846
6425 875
6430 0
6435 0
6440 857
6445 881
6450 0
6455 0
6460 862
6465 886
6470 0
6475 0
6480 872
6485 0
6490 0
6495 854
6500 877
6505 0
6510 0
6515 861
6520 886
6525 0
6530 0
6535 869
6540 894
6545 0
6550 848
6555 877
6560 863
6565 886
6570 0
6575 0
6580 867
6585 892
6590 0
6595 846
6600 874
6605 0
6610 0
6615 859
6620 884
6625 0
6630 846
6635 874
6640 0
6645 0
6650 857
6655 882
6660 0
6665 0
6670 864
6675 891
6680 0
6685 0
6690 872
6695 0
6700 0
6705 855
6710 878
6715 0
6720 0
6725 862
6730 887
6735 0
6740 0
6745 870
6750 885
6755 0
6760 850
6765 876
6770 0
6775 0
6780 861
6785 885
6790 0
6795 0
6800 871
6805 0
6810 0
6815 856
6820 881
6825 0
6830 0
6835 866
6840 889
6845 0
6850 0
6855 876
6860 0
6865 0
6870 857
6875 883
6880 0
6885 0
6890 864
6895 891
6900 0
6905 860
6910 887
6915 0
6920 0
6925 869
6930 892
6935 0
6940 847
6945 874
6950 0
6955 0
6960 857
6965 882
6970 0
6975 0
6980 864
6985 888
6990 0
6995 0
7000 870
7005 0
7010 0
7015 855
7020 878
7025 0
7030 0
7035 861
7040 886
7045 0
7050 0
7055 870
7060 0
7065 0
7070 856
7075 883
7080 0
7085 0
7090 0
7095 869
7100 895
7105 0
7110 849
7115 877
7120 0
7125 0
7130 861
7135 885
7140 0
7145 0
7150 870
7155 0
7160 0
7165 856
7170 880
7175 0
7180 0
7185 862
7190 887
7195 0
7200 847
7205 875
7210 0
7215 0
7220 877
7225 0
7230 0
7235 859
7240 885
7245 0
7250 0
7255 867
7260 891
7265 0
7270 844
7275 874
7280 0
7285 0
7290 857
7295 879
7300 0
7305 0
7310 861
7315 888
7320 0
7325 0
7330 870
7335 886
7340 0
7345 0
7350 867
7355 893
7360 0
7365 847
7370 875
7375 0
7380 849
7385 877
7390 0
7395 0
7400 860
7405 883
7410 0
7415 0
7420 864
7425 891
7430 0
7435 0
7440 873
7445 0
7450 0
7455 852
7460 877
7465 0
7470 0
7475 859
7480 884
7485 0
7490 0
7495 867
7500 892
7505 0
7510 847
7515 871
7520 0
7525 0
7530 854
7535 881
7540 0
7545 0
7550 863
7555 0
7560 0
7565 856
7570 879
7575 0
7580 0
7585 862
7590 884
7595 0
7600 0
7605 869
7610 894
7615 0
7620 849
7625 876
7630 0
7635 0
7640 865
7645 887
7650 0
7655 0
7660 870
7665 0
7670 0
7675 854
7680 876
7685 0
7690 0
7695 861
7700 885
7705 0
7710 0
7715 869
7720 892
7725 0
7730 848
7735 875
7740 0
7745 0
7750 859
7755 883
7760 0
7765 0
7770 869
7775 895
7780 0
7785 854
7790 876
7795 0
7800 0
7805 862
7810 887
7815 0
7820 0
7825 873
7830 0
7835 0
7840 854
7845 882
7850 0
7855 0
7860 864
7865 889
7870 0
7875 
