0 0
5 0
10 853
15 0
20 726
25 0
30 622
35 0
40 530
45 0
50 457
55 0
60 391
65 0
70 333
75 0
80 284
85 0
90 242
95 0
100 203
105 0
110 170
115 0
120 143
125 0
130 119
135 0
140 98
145 0
150 82
155 0
160 67
165 0
170 54
175 0
180 44
185 0
190 34
195 0
200 28
205 0
210 20
215 0
220 16
225 0
230 10
235 0
240 7
245 0
250 2
255 0
260 1
265 0
270 0
275 0
280 0
285 861
290 0
295 720
300 0
305 606
310 0
315 509
320 0
325 429
330 0
335 359
340 0
345 303
350 0
355 254
360 0
365 211
370 0
375 178
380 0
385 146
390 0
395 122
400 0
405 100
410 0
415 82
420 0
425 69
430 0
435 56
440 0
445 43
450 0
455 35
460 0
465 26
470 0
475 20
480 0
485 16
490 0
495 10
500 0
505 7
510 0
515 4
520 0
525 2
530 0
535 0
540 0
545 0
550 893
555 0
560 749
565 0
570 628
575 0
580 532
585 0
590 447
595 0
600 376
605 0
610 315
615 0
620 262
625 0
630 221
635 0
640 185
645 0
650 153
655 0
660 127
665 0
670 105
675 0
680 85
685 0
690 70
695 0
700 58
705 0
710 45
715 0
720 35
725 0
730 29
735 0
740 20
745 0
750 17
755 0
760 12
765 0
770 6
775 0
780 3
785 0
790 2
795 0
800 0
805 969
810 0
815 809
820 0
825 681
830 0
835 573
840 0
845 482
850 0
855 405
860 0
865 341
870 0
875 287
880 0
885 239
890 0
895 200
900 0
905 166
910 0
915 139
920 0
925 114
930 0
935 95
940 0
945 77
950 0
955 64
960 0
965 51
970 0
975 39
980 0
985 594
990 0
995 485
1000 0
1005 0
1010 55
1015 0
1020 43
1025 0
1030 35
1035 0
1040 27
1045 0
1050 21
1055 0
1060 11
1065 0
1070 10
1075 0
1080 6
1085 0
1090 4
1095 0
1100 0
1105 0
1110 0
1115 0
1120 0
1125 945
1130 0
1135 804
1140 0
1145 684
1150 0
1155 587
1160 0
1165 499
1170 0
1175 418
1180 0
1185 352
1190 0
1195 295
1200 0
1205 247
1210 0
1215 207
1220 0
1225 174
1230 0
1235 143
1240 0
1245 118
1250 0
1255 97
1260 0
1265 81
1270 0
1275 62
1280 0
1285 52
1290 0
1295 42
1300 0
1305 32
1310 0
1315 26
1320 0
1325 21
1330 0
1335 14
1340 0
1345 10
1350 0
1355 5
1360 0
1365 2
1370 0
1375 0
1380 0
1385 0
1390 0
1395 0
1400 864
1405 0
1410 725
1415 0
1420 611
1425 0
1430 515
1435 0
1440 433
1445 0
1450 366
1455 0
1460 308
1465 0
1470 256
1475 0
1480 217
1485 0
1490 180
1495 0
1500 128
1505 0
1510 105
1515 0
1520 87
1525 0
1530 71
1535 0
1540 58
1545 0
1550 46
1555 0
1560 38
1565 0
1570 28
1575 0
1580 23
1585 0
1590 15
1595 0
1600 8
1605 0
1610 5
1615 0
1620 3
1625 0
1630 0
1635 0
1640 0
1645 1011
1650 0
1655 838
1660 0
1665 706
1670 0
1675 594
1680 0
1685 501
1690 0
1695 423
1700 0
1705 354
1710 0
1715 297
1720 0
1725 250
1730 0
1735 209
1740 0
1745 172
1750 0
1755 145
1760 0
1765 119
1770 0
1775 99
1780 0
1785 79
1790 0
1795 64
1800 0
1805 53
1810 0
1815 43
1820 0
1825 33
1830 0
1835 26
1840 0
1845 20
1850 0
1855 16
1860 0
1865 9
1870 0
1875 7
1880 0
1885 2
1890 0
1895 0
1900 0
1905 0
1910 0
1915 0
1920 875
1925 0
1930 733
1935 0
1940 617
1945 0
1950 518
1955 0
1960 436
1965 0
1970 368
1975 0
1980 309
1985 0
1990 260
1995 0
2000 216
2005 0
2010 180
2015 0
2020 150
2025 0
2030 125
2035 0
2040 102
2045 0
2050 85
2055 0
2060 67
2065 0
2070 56
2075 0
2080 43
2085 0
2090 35
2095 0
2100 27
2105 0
2110 21
2115 0
2120 13
2125 0
2130 11
2135 0
2140 6
2145 0
2150 4
2155 0
2160 1
2165 0
2170 0
2175 0
2180 0
2185 901
2190 0
2195 754
2200 0
2205 637
2210 0
2215 534
2220 0
2225 452
2230 0
2235 379
2240 0
2245 321
2250 0
2255 269
2260 0
2265 227
2270 0
2275 188
2280 0
2285 159
2290 0
2295 131
2300 0
2305 109
2310 0
2315 88
2320 0
2325 73
2330 0
2335 57
2340 0
2345 49
2350 0
2355 36
2360 0
2365 30
2370 0
2375 23
2380 0
2385 18
2390 0
2395 11
2400 0
2405 6
2410 0
2415 2
2420 0
2425 1
2430 0
2435 0
2440 0
2445 0
2450 911
2455 0
2460 762
2465 0
2470 642
2475 0
2480 542
2485 0
2490 455
2495 0
2500 383
2505 0
2510 320
2515 0
2520 269
2525 0
2530 225
2535 0
2540 189
2545 0
2550 156
2555 0
2560 129
2565 0
2570 107
2575 0
2580 87
2585 0
2590 71
2595 0
2600 59
2605 0
2610 45
2615 0
2620 37
2625 0
2630 29
2635 0
2640 23
2645 0
2650 17
2655 0
2660 11
2665 0
2670 7
2675 0
2680 4
2685 0
2690 1
2695 0
2700 0
2705 0
2710 0
2715 948
2720 0
2725 793
2730 0
2735 669
2740 0
2745 561
2750 0
2755 473
2760 0
2765 399
2770 0
2775 336
2780 0
2785 279
2790 0
2795 237
2800 0
2805 197
2810 0
2815 162
2820 0
2825 133
2830 0
2835 110
2840 0
2845 92
2850 0
2855 76
2860 0
2865 58
2870 0
2875 47
2880 0
2885 38
2890 0
2895 29
2900 0
2905 22
2910 0
2915 16
2920 0
2925 12
2930 0
2935 6
2940 0
2945 3
2950 0
2955 2
2960 0
2965 0
2970 0
2975 0
2980 962
2985 0
2990 806
2995 0
3000 674
3005 0
3010 568
3015 0
3020 481
3025 0
3030 406
3035 0
3040 340
3045 0
3050 286
3055 0
3060 236
3065 0
3070 200
3075 0
3080 165
3085 0
3090 137
3095 0
3100 112
3105 0
3110 94
3115 0
3120 75
3125 0
3130 63
3135 0
3140 50
3145 0
3150 40
3155 0
3160 30
3165 0
3170 23
3175 0
3180 17
3185 0
3190 14
3195 0
3200 8
3205 0
3210 5
3215 0
3220 1
3225 0
3230 0
3235 0
3240 0
3245 961
3250 0
3255 804
3260 0
3265 679
3270 0
3275 572
3280 0
3285 483
3290 0
3295 406
3300 0
3305 343
3310 0
3315 286
3320 0
3325 236
3330 0
3335 196
3340 0
3345 165
3350 0
3355 136
3360 0
3365 112
3370 0
3375 92
3380 0
3385 77
3390 0
3395 60
3400 0
3405 51
3410 0
3415 39
3420 0
3425 29
3430 0
3435 22
3440 0
3445 18
3450 0
3455 13
3460 0
3465 6
3470 0
3475 2
3480 0
3485 0
3490 0
3495 0
3500 0
3505 0
3510 882
3515 0
3520 743
3525 0
3530 622
3535 0
3540 525
3545 0
3550 441
3555 0
3560 337
3565 0
3570 278
3575 0
3580 234
3585 0
3590 195
3595 0
3600 163
3605 0
3610 134
3615 0
3620 110
3625 0
3630 91
3635 0
3640 75
3645 0
3650 59
3655 0
3660 49
3665 0
3670 37
3675 0
3680 29
3685 0
3690 23
3695 0
3700 18
3705 0
3710 10
3715 0
3720 8
3725 0
3730 4
3735 0
3740 2
3745 0
3750 0
3755 0
3760 0
3765 976
3770 0
3775 817
3780 0
3785 688
3790 0
3795 580
3800 0
3805 485
3810 0
3815 409
3820 0
3825 343
3830 0
3835 288
3840 0
3845 238
3850 0
3855 200
3860 0
3865 167
3870 0
3875 138
3880 0
3885 115
3890 0
3895 95
3900 0
3905 75
3910 0
3915 63
3920 0
3925 49
3930 0
3935 40
3940 0
3945 32
3950 0
3955 25
3960 0
3965 16
3970 0
3975 13
3980 0
3985 8
3990 0
3995 3
4000 0
4005 0
4010 0
4015 0
4020 0
4025 0
4030 950
4035 0
4040 792
4045 0
4050 667
4055 0
4060 561
4065 0
4070 472
4075 0
4080 399
4085 0
4090 333
4095 0
4100 281
4105 0
4110 233
4115 0
4120 195
4125 0
4130 161
4135 0
4140 133
4145 0
4150 111
4155 0
4160 90
4165 0
4170 75
4175 0
4180 60
4185 0
4190 49
4195 0
4200 37
4205 0
4210 30
4215 0
4220 24
4225 0
4230 16
4235 0
4240 13
4245 0
4250 9
4255 0
4260 4
4265 0
4270 0
4275 0
4280 0
4285 0
4290 0
4295 987
4300 0
4305 828
4310 0
4315 694
4320 0
4325 585
4330 0
4335 492
4340 0
4345 415
4350 0
4355 349
4360 0
4365 293
4370 0
4375 244
4380 0
4385 205
4390 0
4395 170
4400 0
4405 140
4410 0
4415 116
4420 0
4425 96
4430 0
4435 78
4440 0
4445 65
4450 0
4455 52
4460 0
4465 42
4470 0
4475 32
4480 0
4485 25
4490 0
4495 19
4500 0
4505 14
4510 0
4515 8
4520 0
4525 6
4530 0
4535 1
4540 0
4545 0
4550 0
4555 0
4560 0
4565 0
4570 866
4575 0
4580 729
4585 0
4590 610
4595 0
4600 515
4605 0
4610 432
4615 0
4620 365
4625 0
4630 305
4635 0
4640 256
4645 0
4650 213
4655 0
4660 178
4665 0
4670 146
4675 0
4680 123
4685 0
4690 100
4695 0
4700 82
4705 0
4710 67
4715 0
4720 54
4725 0
4730 42
4735 0
4740 34
4745 0
4750 27
4755 0
4760 18
4765 0
4770 14
4775 0
4780 10
4785 0
4790 4
4795 0
4800 1
4805 0
4810 0
4815 0
4820 0
4825 979
4830 0
4835 818
4840 0
4845 687
4850 0
4855 579
4860 0
4865 488
4870 0
4875 409
4880 0
4885 343
4890 0
4895 289
4900 0
4905 241
4910 0
4915 199
4920 0
4925 166
4930 0
4935 138
4940 0
4945 113
4950 0
4955 93
4960 0
4965 77
4970 0
4975 62
4980 0
4985 50
4990 0
4995 39
5000 0
5005 31
5010 0
5015 22
5020 0
5025 18
5030 0
5035 13
5040 0
5045 7
5050 0
5055 5
5060 0
5065 0
5070 0
5075 0
5080 0
5085 0
5090 972
5095 0
5100 810
5105 0
5110 682
5115 0
5120 572
5125 0
5130 480
5135 0
5140 403
5145 0
5150 339
5155 0
5160 285
5165 0
5170 239
5175 0
5180 199
5185 0
5190 166
5195 0
5200 137
5205 0
5210 114
5215 0
5220 93
5225 0
5230 75
5235 0
5240 62
5245 0
5250 49
5255 0
5260 38
5265 0
5270 29
5275 0
5280 23
5285 0
5290 16
5295 0
5300 12
5305 0
5310 7
5315 0
5320 5
5325 0
5330 1
5335 0
5340 0
5345 0
5350 0
5355 998
5360 0
5365 832
5370 0
5375 699
5380 0
5385 590
5390 0
5395 498
5400 0
5405 421
5410 0
5415 351
5420 0
5425 254
5430 0
5435 212
5440 0
5445 177
5450 0
5455 146
5460 0
5465 122
5470 0
5475 100
5480 0
5485 83
5490 0
5495 67
5500 0
5505 55
5510 0
5515 43
5520 0
5525 34
5530 0
5535 27
5540 0
5545 20
5550 0
5555 14
5560 0
5565 10
5570 0
5575 5
5580 0
5585 2
5590 0
5595 0
5600 0
5605 0
5610 0
5615 0
5620 852
5625 0
5630 714
5635 0
5640 603
5645 0
5650 507
5655 0
5660 426
5665 0
5670 360
5675 0
5680 303
5685 0
5690 253
5695 0
5700 210
5705 0
5710 174
5715 0
5720 144
5725 0
5730 121
5735 0
5740 98
5745 0
5750 81
5755 0
5760 67
5765 0
5770 54
5775 0
5780 43
5785 0
5790 34
5795 0
5800 24
5805 0
5810 20
5815 0
5820 15
5825 0
5830 10
5835 0
5840 6
5845 0
5850 3
5855 0
5860 0
5865 0
5870 0
5875 0
5880 0
5885 890
5890 0
5895 746
5900 0
5905 629
5910 0
5915 531
5920 0
5925 445
5930 0
5935 377
5940 0
5945 316
5950 0
5955 265
5960 0
5965 222
5970 0
5975 185
5980 0
5985 153
5990 0
5995 126
6000 0
6005 103
6010 0
6015 85
6020 0
6025 69
6030 0
6035 57
6040 0
6045 45
6050 0
6055 37
6060 0
6065 27
6070 0
6075 19
6080 0
6085 16
6090 0
6095 10
6100 0
6105 6
6110 0
6115 2
6120 0
6125 1
6130 0
6135 0
6140 0
6145 0
6150 934
6155 0
6160 780
6165 0
6170 657
6175 0
6180 552
6185 0
6190 464
6195 0
6200 391
6205 0
6210 329
6215 0
6220 275
6225 0
6230 230
6235 0
6240 192
6245 0
6250 160
6255 0
6260 132
6265 0
6270 111
6275 0
6280 90
6285 0
6290 74
6295 0
6300 57
6305 0
6310 46
6315 0
6320 37
6325 0
6330 30
6335 0
6340 22
6345 0
6350 15
6355 0
6360 12
6365 0
6370 8
6375 0
6380 4
6385 0
6390 0
6395 0
6400 0
6405 0
6410 0
6415 902
6420 0
6425 757
6430 0
6435 636
6440 0
6445 538
6450 0
6455 453
6460 0
6465 378
6470 0
6475 319
6480 0
6485 267
6490 0
6495 222
6500 0
6505 186
6510 0
6515 154
6520 0
6525 128
6530 0
6535 105
6540 0
6545 86
6550 0
6555 70
6560 0
6565 55
6570 0
6575 46
6580 0
6585 35
6590 0
6595 26
6600 0
6605 21
6610 0
6615 16
6620 0
6625 10
6630 0
6635 6
6640 0
6645 2
6650 0
6655 1
6660 0
6665 0
6670 0
6675 0
6680 929
6685 0
6690 775
6695 0
6700 653
6705 0
6710 548
6715 0
6720 463
6725 0
6730 387
6735 0
6740 326
6745 0
6750 273
6755 0
6760 230
6765 0
6770 190
6775 0
6780 159
6785 0
6790 131
6795 0
6800 109
6805 0
6810 453
6815 0
6820 369
6825 0
6830 294
6835 0
6840 139
6845 0
6850 112
6855 0
6860 92
6865 0
6870 78
6875 0
6880 64
6885 0
6890 52
6895 0
6900 42
6905 0
6910 35
6915 0
6920 28
6925 0
6930 20
6935 0
6940 17
6945 0
6950 12
6955 0
6960 8
6965 0
6970 5
6975 0
6980 0
6985 0
6990 0
6995 0
7000 0
7005 956
7010 0
7015 799
7020 0
7025 672
7030 0
7035 565
7040 0
7045 476
7050 0
7055 398
7060 0
7065 333
7070 0
7075 281
7080 0
7085 235
7090 0
7095 195
7100 0
7105 164
7110 0
7115 134
7120 0
7125 112
7130 0
7135 91
7140 0
7145 76
7150 0
7155 59
7160 0
7165 48
7170 0
7175 39
7180 0
7185 27
7190 0
7195 18
7200 0
7205 15
7210 0
7215 8
7220 0
7225 7
7230 0
7235 1
7240 0
7245 0
7250 0
7255 0
7260 0
7265 0
7270 896
7275 0
7280 752
7285 0
7290 633
7295 0
7300 533
7305 0
7310 446
7315 0
7320 376
7325 0
7330 315
7335 0
7340 265
7345 0
7350 221
7355 0
7360 185
7365 0
7370 153
7375 0
7380 128
7385 0
7390 105
7395 0
7400 87
7405 0
7410 71
7415 0
7420 57
7425 0
7430 48
7435 0
7440 38
7445 0
7450 29
7455 0
7460 23
7465 0
7470 15
7475 0
7480 11
7485 0
7490 7
7495 0
7500 5
7505 0
7510 1
7515 0
7520 0
7525 0
7530 0
7535 959
7540 0
7545 802
7550 0
7555 675
7560 0
7565 568
7570 0
7575 479
7580 0
7585 402
7590 0
7595 337
7600 0
7605 282
7610 0
7615 236
7620 0
7625 197
7630 0
7635 163
7640 0
7645 135
7650 0
7655 111
7660 0
7665 91
7670 0
7675 74
7680 0
7685 60
7690 0
7695 48
7700 0
7705 39
7710 0
7715 30
7720 0
7725 22
7730 0
7735 18
7740 0
7745 12
7750 0
7755 8
7760 0
7765 4
7770 0
7775 3
7780 0
7785 0
7790 0
7795 0
7800 993
7805 0
7810 829
7815 0
7820 695
7825 0
7830 587
7835 0
7840 496
7845 0
7850 418
7855 0
7860 350
7865 0
7870 293
7875 0
7880 245
7885 0
7890 205
7895 0
7900 168
7905 0
7910 141
7915 0
7920 116
7925 0
7930 96
7935 0
7940 78
7945 0
7950 64
7955 0
7960 52
7965 0
7970 41
7975 0
