0 0
5 843
10 770
15 695
20 639
25 585
30 0
35 0
40 0
45 0
50 0
55 919
60 846
65 785
70 722
75 671
80 622
85 0
90 0
95 0
100 0
105 0
110 0
115 0
120 876
125 806
130 746
135 692
140 640
145 594
150 0
155 0
160 0
165 0
170 0
175 0
180 898
185 827
190 765
195 706
200 653
205 605
210 0
215 0
220 0
225 0
230 0
235 0
240 916
245 845
250 781
255 721
260 666
265 617
270 0
275 0
280 0
285 0
290 0
295 0
300 936
305 863
310 798
315 739
320 683
325 630
330 585
335 0
340 0
345 0
350 0
355 0
360 0
365 888
370 819
375 757
380 700
385 648
390 600
395 0
400 0
405 0
410 0
415 0
420 0
425 908
430 839
435 774
440 705
445 651
450 603
455 0
460 0
465 0
470 0
475 0
480 0
485 914
490 842
495 779
500 718
505 666
510 617
515 0
520 0
525 0
530 0
535 0
540 0
545 938
550 863
555 796
560 740
565 682
570 632
575 584
580 0
585 0
590 0
595 0
600 0
605 0
610 889
615 817
620 757
625 680
630 0
635 0
640 0
645 0
650 0
655 925
660 852
665 788
670 728
675 674
680 0
685 0
690 0
695 0
700 0
705 927
710 854
715 790
720 731
725 674
730 0
735 0
740 0
745 0
750 0
755 926
760 855
765 789
770 731
775 675
780 0
785 0
790 0
795 0
800 925
805 854
810 790
815 732
820 675
825 0
830 0
835 0
840 0
845 0
850 925
855 854
860 788
865 730
870 676
875 0
880 0
885 0
890 0
895 0
900 924
905 855
910 789
915 730
920 675
925 0
930 0
935 0
940 0
945 0
950 925
955 855
960 792
965 731
970 676
975 0
980 0
985 0
990 0
995 0
1000 927
1005 856
1010 790
1015 731
1020 675
1025 0
1030 0
1035 0
1040 0
1045 0
1050 927
1055 852
1060 789
1065 731
1070 674
1075 0
1080 0
1085 0
1090 0
1095 0
1100 927
1105 855
1110 791
1115 731
1120 674
1125 0
1130 0
1135 0
1140 0
1145 0
1150 927
1155 856
1160 791
1165 731
1170 665
1175 0
1180 0
1185 0
1190 0
1195 0
1200 926
1205 856
1210 790
1215 730
1220 674
1225 0
1230 0
1235 0
1240 0
1245 0
1250 925
1255 852
1260 790
1265 731
1270 676
1275 0
1280 0
1285 0
1290 0
1295 0
1300 926
1305 855
1310 790
1315 731
1320 676
1325 0
1330 0
1335 0
1340 0
1345 0
1350 927
1355 856
1360 788
1365 728
1370 674
1375 0
1380 0
1385 0
1390 0
1395 0
1400 924
1405 855
1410 788
1415 731
1420 675
1425 0
1430 0
1435 0
1440 0
1445 0
1450 924
1455 854
1460 788
1465 730
1470 675
1475 0
1480 0
1485 0
1490 0
1495 0
1500 924
1505 852
1510 788
1515 730
1520 674
1525 0
1530 0
1535 0
1540 0
1545 0
1550 927
1555 852
1560 788
1565 728
1570 674
1575 592
1580 0
1585 0
1590 0
1595 0
1600 0
1605 0
1610 898
1615 829
1620 765
1625 717
1630 661
1635 607
1640 0
1645 0
1650 0
1655 0
1660 0
1665 0
1670 895
1675 821
1680 754
1685 695
1690 642
1695 592
1700 0
1705 0
1710 0
1715 0
1720 0
1725 0
1730 880
1735 813
1740 749
1745 696
1750 643
1755 595
1760 0
1765 0
1770 0
1775 0
1780 0
1785 0
1790 902
1795 833
1800 769
1805 713
1810 660
1815 603
1820 0
1825 0
1830 0
1835 0
1840 0
1845 0
1850 904
1855 833
1860 769
1865 714
1870 660
1875 612
1880 0
1885 0
1890 0
1895 0
1900 0
1905 0
1910 931
1915 859
1920 795
1925 736
1930 680
1935 629
1940 584
1945 0
1950 0
1955 0
1960 0
1965 0
1970 0
1975 885
1980 816
1985 754
1990 700
1995 646
2000 590
2005 0
2010 0
2015 0
2020 0
2025 0
2030 0
2035 901
2040 831
2045 769
2050 712
2055 657
2060 609
2065 0
2070 0
2075 0
2080 0
2085 0
2090 0
2095 928
2100 855
2105 789
2110 728
2115 675
2120 625
2125 523
2130 0
2135 0
2140 0
2145 0
2150 0
2155 0
2160 881
2165 813
2170 750
2175 696
2180 642
2185 595
2190 0
2195 0
2200 0
2205 0
2210 0
2215 0
2220 892
2225 825
2230 763
2235 704
2240 653
2245 605
2250 0
2255 0
2260 0
2265 0
2270 0
2275 0
2280 921
2285 848
2290 783
2295 726
2300 674
2305 622
2310 0
2315 0
2320 0
2325 0
2330 0
2335 0
2340 0
2345 876
2350 809
2355 748
2360 690
2365 616
2370 0
2375 0
2380 0
2385 0
2390 0
2395 0
2400 939
2405 864
2410 799
2415 740
2420 684
2425 633
2430 586
2435 0
2440 0
2445 0
2450 0
2455 0
2460 0
2465 891
2470 821
2475 760
2480 705
2485 651
2490 604
2495 0
2500 0
2505 0
2510 0
2515 0
2520 0
2525 920
2530 847
2535 784
2540 723
2545 668
2550 620
2555 0
2560 0
2565 0
2570 0
2575 0
2580 0
2585 930
2590 859
2595 793
2600 733
2605 676
2610 628
2615 580
2620 0
2625 0
2630 0
2635 0
2640 0
2645 0
2650 883
2655 816
2660 756
2665 697
2670 647
2675 599
2680 0
2685 0
2690 0
2695 0
2700 0
2705 0
2710 913
2715 841
2720 778
2725 720
2730 663
2735 617
2740 0
2745 0
2750 0
2755 0
2760 0
2765 0
2770 935
2775 867
2780 798
2785 738
2790 685
2795 635
2800 587
2805 0
2810 0
2815 0
2820 0
2825 0
2830 0
2835 892
2840 824
2845 761
2850 703
2855 651
2860 604
2865 0
2870 0
2875 0
2880 0
2885 0
2890 0
2895 924
2900 850
2905 784
2910 727
2915 673
2920 622
2925 0
2930 0
2935 0
2940 0
2945 0
2950 0
2955 0
2960 877
2965 808
2970 750
2975 692
2980 642
2985 595
2990 0
2995 0
3000 0
3005 0
3010 0
3015 0
3020 895
3025 826
3030 765
3035 708
3040 655
3045 607
3050 0
3055 0
3060 0
3065 0
3070 0
3075 0
3080 922
3085 790
3090 730
3095 678
3100 626
3105 567
3110 0
3115 0
3120 0
3125 0
3130 0
3135 0
3140 879
3145 815
3150 753
3155 676
3160 622
3165 0
3170 0
3175 0
3180 0
3185 0
3190 0
3195 0
3200 874
3205 806
3210 747
3215 691
3220 640
3225 0
3230 0
3235 717
3240 635
3245 625
3250 595
3255 0
3260 0
3265 0
3270 0
3275 0
3280 0
3285 895
3290 823
3295 764
3300 707
3305 653
3310 604
3315 0
3320 0
3325 0
3330 0
3335 0
3340 0
3345 920
3350 847
3355 783
3360 724
3365 672
3370 621
3375 0
3380 0
3385 0
3390 0
3395 0
3400 0
3405 0
3410 872
3415 808
3420 747
3425 690
3430 637
3435 591
3440 0
3445 0
3450 0
3455 0
3460 0
3465 0
3470 898
3475 829
3480 765
3485 708
3490 656
3495 608
3500 0
3505 0
3510 0
3515 0
3520 0
3525 0
3530 926
3535 853
3540 788
3545 729
3550 676
3555 625
3560 0
3565 0
3570 0
3575 0
3580 0
3585 0
3590 0
3595 881
3600 813
3605 751
3610 696
3615 642
3620 594
3625 0
3630 0
3635 0
3640 0
3645 0
3650 0
3655 908
3660 837
3665 772
3670 716
3675 664
3680 612
3685 0
3690 0
3695 0
3700 0
3705 0
3710 0
3715 934
3720 860
3725 796
3730 735
3735 680
3740 630
3745 582
3750 0
3755 0
3760 0
3765 0
3770 0
3775 0
3780 889
3785 820
3790 758
3795 703
3800 650
3805 600
3810 0
3815 0
3820 0
3825 0
3830 0
3835 0
3840 913
3845 842
3850 779
3855 720
3860 667
3865 618
3870 0
3875 0
3880 0
3885 0
3890 0
3895 0
3900 0
3905 868
3910 802
3915 741
3920 684
3925 634
3930 589
3935 0
3940 0
3945 0
3950 0
3955 0
3960 894
3965 826
3970 763
3975 707
3980 654
3985 604
3990 0
3995 0
4000 0
4005 0
4010 0
4015 0
4020 923
4025 850
4030 784
4035 726
4040 673
4045 622
4050 0
4055 0
4060 0
4065 0
4070 0
4075 0
4080 0
4085 877
4090 810
4095 749
4100 690
4105 640
4110 592
4115 0
4120 0
4125 0
4130 0
4135 0
4140 0
4145 902
4150 831
4155 767
4160 711
4165 660
4170 610
4175 0
4180 0
4185 0
4190 0
4195 0
4200 0
4205 930
4210 859
4215 792
4220 732
4225 678
4230 627
4235 576
4240 0
4245 0
4250 0
4255 0
4260 0
4265 0
4270 882
4275 815
4280 753
4285 697
4290 644
4295 599
4300 0
4305 0
4310 0
4315 0
4320 0
4325 0
4330 909
4335 838
4340 777
4345 719
4350 664
4355 614
4360 0
4365 0
4370 0
4375 0
4380 0
4385 0
4390 935
4395 864
4400 798
4405 736
4410 681
4415 631
4420 584
4425 0
4430 0
4435 0
4440 0
4445 0
4450 0
4455 884
4460 817
4465 757
4470 700
4475 646
4480 601
4485 0
4490 0
4495 0
4500 0
4505 0
4510 0
4515 914
4520 843
4525 779
4530 719
4535 667
4540 617
4545 0
4550 0
4555 0
4560 0
4565 0
4570 0
4575 940
4580 866
4585 800
4590 738
4595 684
4600 633
4605 584
4610 0
4615 0
4620 0
4625 0
4630 0
4635 0
4640 890
4645 825
4650 758
4655 702
4660 651
4665 602
4670 0
4675 0
4680 0
4685 0
4690 0
4695 0
4700 919
4705 848
4710 784
4715 726
4720 671
4725 604
4730 0
4735 0
4740 0
4745 0
4750 0
4755 0
4760 921
4765 848
4770 788
4775 727
4780 676
4785 625
4790 567
4795 0
4800 0
4805 0
4810 0
4815 0
4820 0
4825 880
4830 812
4835 752
4840 693
4845 643
4850 594
4855 0
4860 0
4865 0
4870 0
4875 0
4880 0
4885 910
4890 838
4895 775
4900 718
4905 665
4910 617
4915 0
4920 0
4925 0
4930 0
4935 0
4940 0
4945 928
4950 856
4955 790
4960 731
4965 676
4970 628
4975 576
4980 0
4985 0
4990 0
4995 0
5000 0
5005 0
5010 886
5015 818
5020 754
5025 700
5030 649
5035 600
5040 0
5045 0
5050 0
5055 0
5060 0
5065 0
5070 928
5075 854
5080 790
5085 731
5090 678
5095 627
5100 567
5105 0
5110 0
5115 0
5120 0
5125 0
5130 0
5135 872
5140 805
5145 742
5150 689
5155 638
5160 590
5165 0
5170 0
5175 0
5180 0
5185 0
5190 0
5195 899
5200 830
5205 766
5210 709
5215 657
5220 609
5225 0
5230 0
5235 0
5240 0
5245 0
5250 0
5255 930
5260 859
5265 795
5270 735
5275 681
5280 628
5285 582
5290 0
5295 0
5300 0
5305 0
5310 0
5315 0
5320 872
5325 804
5330 741
5335 685
5340 631
5345 583
5350 0
5355 0
5360 0
5365 0
5370 0
5375 0
5380 887
5385 820
5390 756
5395 703
5400 647
5405 602
5410 0
5415 0
5420 0
5425 0
5430 0
5435 0
5440 920
5445 847
5450 781
5455 722
5460 671
5465 621
5470 0
5475 0
5480 0
5485 0
5490 0
5495 0
5500 0
5505 873
5510 806
5515 707
5520 655
5525 606
5530 0
5535 0
5540 0
5545 0
5550 0
5555 0
5560 925
5565 854
5570 780
5575 719
5580 662
5585 615
5590 0
5595 0
5600 0
5605 0
5610 0
5615 0
5620 940
5625 868
5630 801
5635 740
5640 684
5645 634
5650 586
5655 0
5660 0
5665 0
5670 0
5675 0
5680 0
5685 901
5690 830
5695 766
5700 712
5705 656
5710 606
5715 0
5720 0
5725 0
5730 0
5735 0
5740 0
5745 929
5750 855
5755 793
5760 734
5765 678
5770 630
5775 583
5780 0
5785 0
5790 0
5795 0
5800 0
5805 0
5810 886
5815 821
5820 759
5825 701
5830 647
5835 599
5840 0
5845 0
5850 0
5855 0
5860 0
5865 0
5870 922
5875 851
5880 785
5885 727
5890 670
5895 623
5900 0
5905 0
5910 0
5915 0
5920 0
5925 0
5930 0
5935 875
5940 807
5945 746
5950 688
5955 639
5960 593
5965 0
5970 0
5975 0
5980 0
5985 0
5990 0
5995 917
6000 845
6005 778
6010 720
6015 670
6020 619
6025 0
6030 0
6035 0
6040 0
6045 0
6050 0
6055 0
6060 868
6065 801
6070 791
6075 731
6080 677
6085 626
6090 576
6095 0
6100 0
6105 0
6110 0
6115 0
6120 0
6125 882
6130 816
6135 754
6140 699
6145 648
6150 600
6155 0
6160 0
6165 0
6170 0
6175 0
6180 0
6185 914
6190 842
6195 777
6200 720
6205 666
6210 617
6215 0
6220 0
6225 0
6230 0
6235 0
6240 0
6245 580
6250 864
6255 799
6260 739
6265 683
6270 632
6275 586
6280 0
6285 0
6290 0
6295 0
6300 0
6305 903
6310 831
6315 768
6320 710
6325 658
6330 608
6335 0
6340 0
6345 0
6350 0
6355 0
6360 0
6365 930
6370 859
6375 793
6380 732
6385 680
6390 626
6395 580
6400 0
6405 0
6410 0
6415 0
6420 0
6425 0
6430 885
6435 816
6440 754
6445 698
6450 644
6455 596
6460 0
6465 0
6470 0
6475 0
6480 0
6485 0
6490 911
6495 840
6500 777
6505 718
6510 666
6515 616
6520 0
6525 0
6530 0
6535 0
6540 0
6545 0
6550 0
6555 864
6560 798
6565 739
6570 685
6575 634
6580 586
6585 0
6590 0
6595 0
6600 0
6605 0
6610 0
6615 891
6620 822
6625 758
6630 704
6635 648
6640 603
6645 0
6650 0
6655 0
6660 0
6665 0
6670 0
6675 919
6680 847
6685 783
6690 724
6695 670
6700 622
6705 0
6710 0
6715 0
6720 0
6725 0
6730 0
6735 0
6740 877
6745 810
6750 749
6755 692
6760 640
6765 595
6770 0
6775 0
6780 0
6785 0
6790 0
6795 0
6800 906
6805 835
6810 773
6815 714
6820 662
6825 612
6830 0
6835 0
6840 0
6845 0
6850 0
6855 0
6860 0
6865 879
6870 811
6875 751
6880 694
6885 645
6890 595
6895 0
6900 0
6905 0
6910 0
6915 0
6920 0
6925 912
6930 842
6935 778
6940 720
6945 668
6950 617
6955 0
6960 0
6965 0
6970 0
6975 0
6980 0
6985 0
6990 870
6995 806
7000 746
7005 689
7010 639
7015 590
7020 0
7025 0
7030 0
7035 0
7040 0
7045 0
7050 891
7055 833
7060 767
7065 710
7070 657
7075 608
7080 0
7085 
