0 1023
5 1023
10 0
15 1017
20 86
25 816
30 245
35 661
40 379
45 542
50 482
55 456
60 561
65 388
70 631
75 328
80 691
85 279
90 742
95 237
100 782
105 202
110 819
115 172
120 849
125 146
130 876
135 124
140 900
145 103
150 923
155 83
160 942
165 67
170 1012
175 0
180 933
185 71
190 956
195 53
200 972
205 38
210 982
215 30
220 988
225 23
230 995
235 18
240 1002
245 13
250 1001
255 9
260 1005
265 5
270 1010
275 2
280 1012
285 0
290 1013
295 0
300 1013
305 0
310 1017
315 36
320 871
325 195
330 718
335 324
340 595
345 437
350 489
355 536
360 404
365 618
370 335
375 687
380 278
385 746
390 230
395 795
400 190
405 833
410 158
415 867
420 131
425 893
430 108
435 916
440 87
445 940
450 70
455 953
460 57
465 966
470 45
475 975
480 36
485 984
490 29
495 992
500 21
505 995
510 17
515 1000
520 10
525 1006
530 7
535 1007
540 3
545 1010
550 1
555 1011
560 0
565 1014
570 0
575 1016
580 40
585 863
590 205
595 700
600 342
605 575
610 456
615 473
620 552
625 391
630 632
635 324
640 697
645 270
650 754
655 224
660 799
665 186
670 838
675 154
680 872
685 128
690 899
695 104
700 921
705 87
710 937
715 70
720 954
725 58
730 964
735 46
740 975
745 37
750 983
755 27
760 989
765 19
770 998
775 13
780 1003
785 9
790 1008
795 4
800 1009
805 2
810 1011
815 0
820 1014
825 0
830 1016
835 0
840 974
845 121
850 785
855 270
860 639
865 396
870 527
875 501
880 436
885 588
890 362
895 660
900 300
905 722
910 250
915 774
920 207
925 817
930 172
935 852
940 143
945 883
950 118
955 905
960 97
965 927
970 80
975 943
980 63
985 960
990 50
995 970
1000 41
1005 979
1010 32
1015 987
1020 25
1025 993
1030 18
1035 999
1040 14
1045 1004
1050 9
1055 1007
1060 6
1065 1010
1070 1
1075 1011
1080 0
1085 1013
1090 0
1095 1013
1100 0
1105 998
1110 102
1115 799
1120 257
1125 653
1130 384
1135 536
1140 491
1145 443
1150 579
1155 368
1160 656
1165 304
1170 720
1175 254
1180 769
1185 211
1190 814
1195 175
1200 850
1205 144
1210 880
1215 119
1220 906
1225 98
1230 925
1235 82
1240 944
1245 65
1250 958
1255 54
1260 970
1265 42
1270 977
1275 33
1280 986
1285 25
1290 994
1295 20
1300 997
1305 13
1310 1004
1315 10
1320 1008
1325 5
1330 1010
1335 2
1340 1012
1345 0
1350 1013
1355 0
1360 1014
1365 0
1370 1017
1375 74
1380 828
1385 234
1390 675
1395 366
1400 554
1405 474
1410 457
1415 566
1420 378
1425 643
1430 316
1435 707
1440 262
1445 761
1450 218
1455 807
1460 181
1465 843
1470 150
1475 873
1480 124
1485 902
1490 102
1495 921
1500 84
1505 939
1510 69
1515 953
1520 56
1525 965
1530 45
1535 977
1540 33
1545 985
1550 26
1555 992
1560 19
1565 998
1570 14
1575 1002
1580 9
1585 1006
1590 6
1595 1010
1600 2
1605 1012
1610 0
1615 1012
1620 0
1625 1016
1630 0
1635 1015
1640 89
1645 813
1650 246
1655 664
1660 374
1665 546
1670 482
1675 449
1680 572
1685 373
1690 650
1695 309
1700 714
1705 258
1710 767
1715 214
1720 809
1725 177
1730 847
1735 147
1740 878
1745 121
1750 905
1755 100
1760 924
1765 81
1770 941
1775 67
1780 956
1785 54
1790 970
1795 43
1800 978
1805 35
1810 985
1815 26
1820 993
1825 21
1830 998
1835 14
1840 1002
1845 11
1850 1005
1855 5
1860 1010
1865 2
1870 1011
1875 0
1880 1012
1885 0
1890 1016
1895 0
1900 1017
1905 78
1910 826
1915 237
1920 671
1925 367
1930 551
1935 476
1940 456
1945 569
1950 377
1955 644
1960 313
1965 709
1970 260
1975 764
1980 217
1985 807
1990 179
1995 846
2000 149
2005 875
2010 124
2015 900
2020 102
2025 921
2030 83
2035 940
2040 67
2045 958
2050 54
2055 966
2060 44
2065 978
2070 35
2075 985
2080 28
2085 991
2090 20
2095 997
2100 15
2105 1000
2110 9
2115 1006
2120 7
2125 1010
2130 2
2135 1011
2140 1
2145 1012
2150 0
2155 1014
2160 0
2165 1015
2170 52
2175 851
2180 215
2185 694
2190 349
2195 568
2200 463
2205 470
2210 555
2215 388
2220 635
2225 320
2230 700
2235 267
2240 756
2245 221
2250 802
2255 185
2260 842
2265 152
2270 872
2275 127
2280 899
2285 103
2290 921
2295 85
2300 944
2305 66
2310 957
2315 54
2320 967
2325 42
2330 978
2335 34
2340 986
2345 26
2350 991
2355 20
2360 996
2365 13
2370 1003
2375 10
2380 1006
2385 6
2390 1010
2395 4
2400 1012
2405 0
2410 1013
2415 0
2420 1013
2425 0
2430 1015
2435 75
2440 828
2445 234
2450 676
2455 365
2460 554
2465 476
2470 456
2475 567
2480 377
2485 644
2490 314
2495 709
2500 262
2505 762
2510 217
2515 810
2520 176
2525 848
2530 146
2535 878
2540 121
2545 904
2550 100
2555 923
2560 82
2565 942
2570 67
2575 958
2580 54
2585 968
2590 44
2595 977
2600 34
2605 984
2610 26
2615 991
2620 21
2625 996
2630 16
2635 1002
2640 9
2645 1005
2650 7
2655 1007
2660 3
2665 1009
2670 0
2675 1011
2680 0
2685 1014
2690 0
2695 1017
2700 62
2705 840
2710 226
2715 684
2720 357
2725 561
2730 470
2735 462
2740 561
2745 384
2750 640
2755 319
2760 703
2765 266
2770 760
2775 220
2780 803
2785 183
2790 841
2795 152
2800 873
2805 125
2810 900
2815 104
2820 920
2825 85
2830 939
2835 69
2840 954
2845 57
2850 965
2855 45
2860 975
2865 37
2870 986
2875 27
2880 990
2885 22
2890 996
2895 15
2900 1001
2905 11
2910 1004
2915 6
2920 1008
2925 4
2930 1010
2935 0
2940 1014
2945 0
2950 1016
2955 0
2960 1017
2965 29
2970 872
2975 200
2980 707
2985 336
2990 581
2995 448
3000 481
3005 544
3010 397
3015 626
3020 330
3025 693
3030 275
3035 748
3040 229
3045 796
3050 191
3055 834
3060 158
3065 873
3070 125
3075 902
3080 103
3085 920
3090 84
3095 937
3100 70
3105 953
3110 57
3115 966
3120 46
3125 974
3130 36
3135 985
3140 28
3145 989
3150 21
3155 995
3160 17
3165 1001
3170 10
3175 1005
3180 7
3185 1006
3190 3
3195 1012
3200 1
3205 1012
3210 0
3215 1014
3220 0
3225 1016
3230 31
3235 871
3240 199
3245 709
3250 334
3255 582
3260 450
3265 479
3270 544
3275 397
3280 625
3285 329
3290 693
3295 274
3300 749
3305 229
3310 795
3315 189
3320 835
3325 156
3330 867
3335 130
3340 894
3345 107
3350 917
3355 88
3360 935
3365 73
3370 949
3375 60
3380 961
3385 42
3390 980
3395 34
3400 985
3405 26
3410 994
3415 20
3420 997
3425 14
3430 1002
3435 10
3440 1006
3445 5
3450 1009
3455 3
3460 1012
3465 0
3470 1014
3475 0
3480 1014
3485 0
3490 998
3495 103
3500 801
3505 254
3510 655
3515 383
3520 538
3525 490
3530 445
3535 580
3540 368
3545 654
3550 305
3555 717
3560 254
3565 768
3570 211
3575 813
3580 174
3585 849
3590 145
3595 879
3600 120
3605 906
3610 99
3615 925
3620 81
3625 941
3630 66
3635 958
3640 53
3645 970
3650 42
3655 977
3660 34
3665 986
3670 26
3675 992
3680 20
3685 998
3690 16
3695 1002
3700 10
3705 1005
3710 7
3715 1009
3720 2
3725 1011
3730 0
3735 1014
3740 0
3745 1015
3750 0
3755 1016
3760 75
3765 827
3770 234
3775 676
3780 364
3785 554
3790 476
3795 455
3800 568
3805 378
3810 646
3815 314
3820 708
3825 262
3830 775
3835 206
3840 818
3845 170
3850 854
3855 141
3860 883
3865 117
3870 908
3875 96
3880 928
3885 80
3890 945
3895 64
3900 958
3905 52
3910 969
3915 41
3920 977
3925 34
3930 988
3935 25
3940 994
3945 20
3950 997
3955 14
3960 1001
3965 9
3970 1004
3975 5
3980 1010
3985 2
3990 1012
3995 0
4000 1014
4005 0
4010 1015
4015 0
4020 969
4025 125
4030 780
4035 275
4040 637
4045 400
4050 524
4055 501
4060 433
4065 590
4070 359
4075 663
4080 300
4085 725
4090 248
4095 773
4100 206
4105 819
4110 170
4115 854
4120 142
4125 884
4130 116
4135 907
4140 96
4145 930
4150 79
4155 945
4160 64
4165 958
4170 52
4175 969
4180 42
4185 980
4190 32
4195 987
4200 25
4205 993
4210 18
4215 999
4220 14
4225 1003
4230 9
4235 1008
4240 5
4245 1009
4250 2
4255 1011
4260 0
4265 1011
4270 0
4275 1014
4280 0
4285 982
4290 114
4295 789
4300 268
4305 645
4310 392
4315 529
4320 497
4325 438
4330 586
4335 363
4340 660
4345 301
4350 721
4355 251
4360 774
4365 208
4370 816
4375 173
4380 853
4385 144
4390 882
4395 119
4400 907
4405 97
4410 925
4415 80
4420 943
4425 65
4430 957
4435 52
4440 970
4445 42
4450 978
4455 34
4460 987
4465 26
4470 992
4475 20
4480 998
4485 13
4490 1001
4495 9
4500 1005
4505 5
4510 1010
4515 3
4520 1011
4525 0
4530 1014
4535 0
4540 1014
4545 0
4550 1016
4555 85
4560 819
4565 241
4570 670
4575 371
4580 549
4585 477
4590 453
4595 571
4600 360
4605 661
4610 300
4615 724
4620 248
4625 774
4630 205
4635 819
4640 171
4645 853
4650 143
4655 883
4660 116
4665 908
4670 96
4675 928
4680 80
4685 946
4690 64
4695 958
4700 52
4705 970
4710 42
4715 978
4720 33
4725 986
4730 25
4735 993
4740 19
4745 997
4750 14
4755 1003
4760 9
4765 1008
4770 6
4775 1010
4780 2
4785 1012
4790 0
4795 1014
4800 0
4805 1015
4810 0
4815 1003
4820 96
4825 807
4830 252
4835 660
4840 377
4845 543
4850 485
4855 449
4860 573
4865 373
4870 650
4875 309
4880 712
4885 258
4890 765
4895 214
4900 809
4905 178
4910 848
4915 148
4920 878
4925 122
4930 903
4935 100
4940 924
4945 82
4950 942
4955 67
4960 955
4965 54
4970 968
4975 43
4980 975
4985 35
4990 985
4995 27
5000 992
5005 20
5010 995
5015 14
5020 1001
5025 10
5030 1004
5035 6
5040 1006
5045 3
5050 1012
5055 0
5060 1013
5065 0
5070 1014
5075 0
5080 1015
5085 75
5090 827
5095 234
5100 673
5105 365
5110 553
5115 474
5120 458
5125 569
5130 379
5135 643
5140 314
5145 708
5150 260
5155 761
5160 216
5165 810
5170 180
5175 844
5180 150
5185 851
5190 140
5195 890
5200 109
5205 918
5210 38
5215 984
5220 28
5225 991
5230 19
5235 998
5240 14
5245 1001
5250 10
5255 1005
5260 6
5265 1009
5270 3
5275 1009
5280 2
5285 1014
5290 0
5295 1013
5300 0
5305 1016
5310 5
5315 902
5320 168
5325 731
5330 311
5335 607
5340 422
5345 507
5350 513
5355 426
5360 593
5365 321
5370 700
5375 265
5380 759
5385 221
5390 804
5395 183
5400 843
5405 151
5410 874
5415 126
5420 902
5425 103
5430 920
5435 85
5440 937
5445 68
5450 954
5455 56
5460 967
5465 45
5470 977
5475 34
5480 984
5485 27
5490 992
5495 20
5500 998
5505 14
5510 1000
5515 10
5520 1005
5525 6
5530 1008
5535 3
5540 1010
5545 0
5550 1012
5555 0
5560 1014
5565 0
5570 1015
5575 88
5580 816
5585 244
5590 666
5595 376
5600 544
5605 483
5610 451
5615 573
5620 374
5625 648
5630 311
5635 714
5640 258
5645 763
5650 215
5655 809
5660 177
5665 847
5670 148
5675 877
5680 121
5685 903
5690 101
5695 923
5700 82
5705 942
5710 67
5715 956
5720 55
5725 966
5730 43
5735 978
5740 35
5745 986
5750 26
5755 994
5760 19
5765 997
5770 15
5775 1001
5780 10
5785 1005
5790 6
5795 1009
5800 2
5805 1012
5810 0
5815 1014
5820 0
5825 1013
5830 17
5835 889
5840 184
5845 725
5850 322
5855 592
5860 438
5865 491
5870 535
5875 406
5880 613
5885 339
5890 686
5895 281
5900 740
5905 234
5910 790
5915 195
5920 830
5925 161
5930 863
5935 135
5940 890
5945 112
5950 914
5955 91
5960 931
5965 75
5970 948
5975 62
5980 960
5985 51
5990 971
5995 40
6000 981
6005 32
6010 987
6015 24
6020 993
6025 18
6030 1000
6035 13
6040 1002
6045 9
6050 1007
6055 5
6060 1009
6065 3
6070 1011
6075 0
6080 1013
6085 0
6090 1016
6095 16
6100 887
6105 187
6110 721
6115 323
6120 594
6125 437
6130 463
6135 560
6140 384
6145 639
6150 318
6155 703
6160 264
6165 758
6170 220
6175 803
6180 183
6185 843
6190 151
6195 871
6200 126
6205 899
6210 105
6215 922
6220 87
6225 938
6230 72
6235 950
6240 58
6245 963
6250 47
6255 974
6260 38
6265 981
6270 31
6275 989
6280 23
6285 995
6290 17
6295 1000
6300 13
6305 1004
6310 9
6315 1008
6320 6
6325 1010
6330 2
6335 1011
6340 1
6345 1013
6350 0
6355 1014
6360 17
6365 889
6370 184
6375 723
6380 323
6385 594
6390 438
6395 490
6400 534
6405 406
6410 614
6415 339
6420 684
6425 282
6430 741
6435 234
6440 789
6445 194
6450 829
6455 161
6460 863
6465 133
6470 889
6475 111
6480 914
6485 91
6490 931
6495 75
6500 948
6505 61
6510 962
6515 49
6520 971
6525 39
6530 979
6535 32
6540 988
6545 24
6550 993
6555 19
6560 998
6565 13
6570 1001
6575 9
6580 1007
6585 5
6590 1007
6595 3
6600 1012
6605 0
6610 1013
6615 0
6620 1015
6625 16
6630 887
6635 187
6640 722
6645 325
6650 591
6655 442
6660 488
6665 536
6670 405
6675 616
6680 337
6685 685
6690 280
6695 744
6700 232
6705 791
6710 194
6715 830
6720 161
6725 863
6730 133
6735 891
6740 110
6745 912
6750 90
6755 932
6760 74
6765 948
6770 60
6775 962
6780 49
6785 971
6790 40
6795 982
6800 31
6805 987
6810 24
6815 994
6820 17
6825 1001
6830 13
6835 1004
6840 9
6845 1005
6850 5
6855 1009
6860 1
6865 1011
6870 0
6875 1014
6880 0
6885 1014
6890 16
6895 836
6900 226
6905 684
6910 357
6915 563
6920 466
6925 468
6930 558
6935 387
6940 634
6945 322
6950 700
6955 268
6960 753
6965 223
6970 801
6975 185
6980 837
6985 155
6990 871
6995 128
7000 896
7005 105
7010 920
7015 87
7020 937
7025 72
7030 951
7035 59
7040 964
7045 47
7050 975
7055 37
7060 983
7065 28
7070 991
7075 21
7080 996
7085 16
7090 1002
7095 11
7100 1003
7105 7
7110 1008
7115 4
7120 1010
7125 2
7130 1011
7135 0
7140 1013
7145 0
7150 992
7155 106
7160 800
7165 259
7170 653
7175 382
7180 540
7185 488
7190 446
7195 576
7200 370
7205 652
7210 308
7215 713
7220 258
7225 768
7230 213
7235 809
7240 178
7245 849
7250 147
7255 877
7260 122
7265 903
7270 102
7275 924
7280 82
7285 940
7290 68
7295 953
7300 56
7305 966
7310 45
7315 976
7320 35
7325 984
7330 28
7335 990
7340 22
7345 995
7350 15
7355 1002
7360 12
7365 1003
7370 7
7375 1008
7380 4
7385 1010
7390 1
7395 1014
7400 0
7405 1013
7410 0
7415 990
7420 106
7425 780
7430 273
7435 638
7440 398
7445 525
7450 500
7455 438
7460 587
7465 364
7470 657
7475 302
7480 722
7485 252
7490 771
7495 209
7500 815
7505 174
7510 850
7515 145
7520 879
7525 119
7530 904
7535 99
7540 927
7545 81
7550 944
7555 66
7560 958
7565 53
7570 967
7575 43
7580 976
7585 35
7590 986
7595 26
7600 991
7605 20
7610 998
7615 15
7620 1000
7625 10
7630 1003
7635 7
7640 1009
7645 2
7650 1012
7655 0
7660 1012
7665 0
7670 1016
7675 17
7680 889
7685 185
7690 724
7695 323
7700 594
7705 437
7710 491
7715 534
7720 408
7725 614
7730 339
7735 683
7740 282
7745 741
7750 235
7755 789
7760 195
7765 830
7770 163
7775 861
7780 135
7785 890
7790 112
7795 913
7800 92
7805 931
7810 76
7815 948
7820 61
7825 959
7830 50
7835 971
7840 39
7845 980
7850 31
7855 988
7860 25
7865 994
7870 18
7875 1000
7880 13
7885 1003
7890 8
7895 1005
7900 5
7905 1007
7910 2
7915 1011
7920 0
7925 1014
7930 0
7935 1016
7940 16
7945 890
7950 187
7955 722
7960 323
7965 594
7970 437
7975 491
7980 533
7985 407
7990 615
7995 339
8000 681
8005 282
8010 742
8015 235
8020 787
8025 195
8030 830
8035 162
8040 862
8045 134
8050 890
8055 112
8060 911
8065 92
8070 931
8075 76
8080 948
8085 62
8090 961
8095 50
8100 969
8105 40
8110 982
8115 32
8120 987
8125 24
8130 992
8135 19
8140 997
8145 13
8150 1002
8155 8
8160 1005
8165 5
8170 1008
8175 2
8180 1011
8185 0
8190 1011
8195 0
8200 1013
8205 16
8210 888
8215 182
8220 723
8225 323
8230 594
8235 436
8240 492
8245 534
8250 408
8255 613
8260 340
8265 683
8270 281
8275 740
8280 235
8285 790
8290 195
8295 828
8300 163
8305 861
8310 135
8315 888
8320 112
8325 915
8330 92
8335 932
8340 76
8345 950
8350 62
8355 961
8360 50
8365 971
8370 41
8375 981
8380 30
8385 988
8390 23
8395 994
8400 19
8405 998
8410 13
8415 1003
8420 9
8425 1009
8430 4
8435 1010
8440 1
8445 1011
8450 0
8455 1013
8460 0
8465 989
8470 106
8475 799
8480 258
8485 656
8490 381
8495 540
8500 488
8505 445
8510 575
8515 372
8520 651
8525 309
8530 714
8535 258
8540 768
8545 213
8550 809
8555 177
8560 848
8565 148
8570 878
8575 122
8580 904
8585 101
8590 923
8595 83
8600 941
8605 68
8610 955
8615 56
8620 968
8625 45
8630 975
8635 35
8640 986
8645 28
8650 991
8655 21
8660 996
8665 16
8670 1001
8675 11
8680 1005
8685 7
8690 1008
8695 4
8700 1011
8705 1
8710 1012
8715 0
8720 1015
8725 0
8730 990
8735 105
8740 800
8745 254
8750 656
8755 382
8760 540
8765 486
8770 449
8775 574
8780 372
8785 649
8790 308
8795 715
8800 258
8805 765
8810 213
8815 812
8820 177
8825 848
8830 148
8835 877
8840 123
8845 901
8850 101
8855 923
8860 83
8865 940
8870 68
8875 955
8880 55
8885 965
8890 44
8895 976
8900 34
8905 985
8910 28
8915 991
8920 21
8925 997
8930 16
8935 1001
8940 11
8945 1005
8950 7
8955 1010
8960 3
8965 1009
8970 0
8975 1014
8980 0
8985 1013
8990 0
8995 991
9000 103
9005 801
9010 258
9015 654
9020 382
9025 542
9030 486
9035 447
9040 574
9045 372
9050 649
9055 310
9060 710
9065 259
9070 765
9075 215
9080 807
9085 179
9090 846
9095 149
9100 874
9105 124
9110 903
9115 101
9120 922
9125 85
9130 940
9135 70
9140 954
9145 56
9150 964
9155 45
9160 975
9165 37
9170 984
9175 28
9180 989
9185 21
9190 998
9195 14
9200 1001
9205 11
9210 1006
9215 5
9220 1010
9225 2
9230 1011
9235 0
9240 1013
9245 0
9250 1016
9255 16
9260 886
9265 186
9270 721
9275 323
9280 593
9285 436
9290 491
9295 531
9300 410
9305 613
9310 341
9315 681
9320 284
9325 739
9330 237
9335 788
9340 196
9345 828
9350 163
9355 859
9360 136
9365 890
9370 113
9375 912
9380 93
9385 932
9390 76
9395 945
9400 62
9405 961
9410 50
9415 971
9420 40
9425 980
9430 32
9435 985
9440 24
9445 993
9450 18
9455 997
9460 14
9465 1003
9470 9
9475 1007
9480 6
9485 1010
9490 2
9495 1010
9500 0
9505 1014
9510 0
9515 1016
9520 16
9525 870
9530 199
9535 709
9540 336
9545 582
9550 447
9555 481
9560 543
9565 400
9570 621
9575 332
9580 691
9585 276
9590 746
9595 230
9600 796
9605 191
9610 834
9615 158
9620 866
9625 132
9630 892
9635 110
9640 913
9645 91
9650 932
9655 75
9660 949
9665 61
9670 962
9675 49
9680 974
9685 39
9690 982
9695 31
9700 988
9705 24
9710 993
9715 18
9720 999
9725 13
9730 1004
9735 9
9740 1005
9745 4
9750 1008
9755 2
9760 1011
9765 0
9770 1013
9775 0
9780 1014
9785 16
9790 888
9795 186
9800 721
9805 325
9810 593
9815 439
9820 490
9825 534
9830 406
9835 616
9840 337
9845 684
9850 281
9855 742
9860 235
9865 790
9870 194
9875 830
9880 163
9885 862
9890 135
9895 889
9900 111
9905 911
9910 91
9915 931
9920 76
9925 948
9930 62
9935 962
9940 50
9945 969
9950 41
9955 984
9960 29
9965 989
9970 23
9975 995
9980 17
9985 997
9990 13
9995 1004
10000 8
10005 1005
10010 5
10015 1009
10020 1
10025 1011
10030 0
10035 1013
10040 0
10045 1014
10050 52
10055 841
10060 226
10065 680
10070 361
10075 558
10080 470
10085 462
10090 562
10095 384
10100 639
10105 317
10110 704
10115 265
10120 758
10125 219
10130 803
10135 183
10140 842
10145 151
10150 873
10155 126
10160 897
10165 103
10170 922
10175 85
10180 937
10185 69
10190 952
10195 57
10200 965
10205 45
10210 977
10215 36
10220 984
10225 29
10230 991
10235 22
10240 995
10245 16
10250 1002
10255 11
10260 1003
10265 8
10270 1005
10275 3
10280 1010
10285 1
10290 1013
10295 0
10300 1012
10305 0
10310 1015
10315 28
10320 868
10325 205
10330 700
10335 341
10340 576
10345 454
10350 477
10355 547
10360 396
10365 627
10370 330
10375 692
10380 273
10385 749
10390 228
10395 796
10400 189
10405 835
10410 158
10415 865
10420 130
10425 895
10430 108
10435 915
10440 89
10445 937
10450 73
10455 949
10460 59
10465 964
10470 49
10475 972
10480 38
10485 984
10490 30
10495 990
10500 23
10505 995
10510 17
10515 998
10520 12
10525 1006
10530 7
10535 1008
10540 4
10545 1010
10550 2
10555 1011
10560 0
10565 1013
10570 0
10575 1015
10580 3
10585 902
10590 176
10595 730
10600 318
10605 600
10610 432
10615 493
10620 531
10625 411
10630 612
10635 342
10640 680
10645 283
10650 739
10655 235
10660 788
10665 196
10670 827
10675 163
10680 861
10685 135
10690 888
10695 111
10700 914
10705 93
10710 932
10715 75
10720 953
10725 56
10730 963
10735 45
10740 976
10745 37
10750 984
10755 28
10760 991
10765 21
10770 995
10775 16
10780 1001
10785 12
10790 1003
10795 7
10800 1007
10805 4
10810 1010
10815 1
10820 1011
10825 0
10830 1014
10835 0
10840 1016
10845 22
10850 882
10855 190
10860 716
10865 327
10870 588
10875 443
10880 486
10885 537
10890 403
10895 619
10900 336
10905 686
10910 279
10915 746
10920 232
10925 790
10930 193
10935 830
10940 160
10945 864
10950 133
10955 894
10960 111
10965 915
10970 90
10975 935
10980 75
10985 950
10990 60
10995 961
11000 48
11005 971
11010 39
11015 1005
11020 567
11025 372
11030 665
11035 284
11040 744
11045 225
11050 798
11055 186
11060 836
11065 155
11070 870
11075 128
11080 896
11085 109
11090 916
11095 91
11100 931
11105 77
11110 945
11115 64
11120 956
11125 53
11130 968
11135 42
11140 975
11145 36
11150 986
11155 28
11160 991
11165 23
11170 996
11175 17
11180 997
11185 13
11190 1004
11195 8
11200 1005
11205 5
11210 1009
11215 1
11220 1011
11225 0
11230 1012
11235 0
11240 989
11245 104
11250 804
11255 250
11260 661
11265 378
11270 543
11275 486
11280 447
11285 577
11290 372
11295 651
11300 308
11305 713
11310 258
11315 766
11320 213
11325 808
11330 179
11335 845
11340 148
11345 876
11350 124
11355 902
11360 101
11365 923
11370 83
11375 940
11380 68
11385 956
11390 56
11395 966
11400 45
11405 976
11410 36
11415 983
11420 28
11425 993
11430 21
11435 995
11440 15
11445 1001
11450 11
11455 1004
11460 6
11465 1008
11470 4
11475 1010
11480 1
11485 1013
11490 0
11495 1014
11500 18
11505 887
11510 187
11515 722
11520 325
11525 591
11530 439
11535 490
11540 536
11545 406
11550 618
11555 335
11560 686
11565 278
11570 743
11575 231
11580 792
11585 193
11590 831
11595 159
11600 866
11605 134
11610 892
11615 109
11620 915
11625 91
11630 931
11635 74
11640 949
11645 60
11650 962
11655 49
11660 972
11665 39
11670 980
11675 30
11680 988
11685 24
11690 994
11695 18
11700 997
11705 12
11710 1003
11715 9
11720 1006
11725 5
11730 1007
11735 2
11740 1011
11745 0
11750 1014
11755 0
11760 1017
11765 17
11770 886
11775 188
11780 719
11785 326
11790 590
11795 441
11800 487
11805 537
11810 405
11815 617
11820 336
11825 684
11830 280
11835 742
11840 234
11845 790
11850 194
11855 829
11860 162
11865 862
11870 134
11875 892
11880 110
11885 912
11890 92
11895 933
11900 75
11905 947
11910 62
11915 961
11920 50
11925 972
11930 38
11935 982
11940 30
11945 987
11950 24
11955 995
11960 18
11965 997
11970 14
11975 1003
11980 9
11985 1006
11990 5
11995 1009
12000 2
12005 1011
12010 0
12015 1013
12020 0
12025 1014
12030 17
12035 885
12040 187
12045 719
12050 325
12055 592
12060 439
12065 488
12070 535
12075 406
12080 616
12085 338
12090 683
12095 282
12100 742
12105 235
12110 789
12115 196
12120 830
12125 163
12130 862
12135 136
12140 888
12145 111
12150 913
12155 93
12160 932
12165 76
12170 947
12175 62
12180 960
12185 50
12190 971
12195 40
12200 980
12205 33
12210 987
12215 25
12220 993
12225 19
12230 999
12235 13
12240 1002
12245 9
12250 
