0 0
5 497
10 498
15 500
20 509
25 494
30 505
35 516
40 506
45 493
50 495
55 505
60 514
65 504
70 493
75 497
80 507
85 512
90 501
95 490
100 499
105 511
110 509
115 494
120 510
125 495
130 504
135 513
140 500
145 494
150 507
155 511
160 496
165 495
170 511
175 507
180 491
185 506
190 513
195 498
200 493
205 510
210 509
215 493
220 497
225 511
230 505
235 489
240 502
245 515
250 501
255 491
260 506
265 511
270 495
275 495
280 510
285 508
290 492
295 499
300 514
305 503
310 490
315 504
320 513
325 499
330 494
335 517
340 502
345 489
350 504
355 513
360 497
365 496
370 509
375 509
380 495
385 498
390 514
395 504
400 488
405 504
410 515
415 500
420 493
425 508
430 510
435 497
440 497
445 512
450 508
455 491
460 501
465 516
470 503
475 489
480 504
485 512
490 498
495 495
500 510
505 510
510 494
515 497
520 513
525 504
530 488
535 502
540 513
545 502
550 494
555 507
560 511
565 495
570 496
575 513
580 505
585 492
590 501
595 515
600 502
605 491
610 506
615 512
620 498
625 497
630 510
635 507
640 494
645 500
650 516
655 504
660 490
665 506
670 512
675 497
680 495
685 509
690 509
695 496
700 499
705 513
710 505
715 489
720 503
725 515
730 499
735 494
740 508
745 512
750 495
755 495
760 510
765 495
770 497
775 511
780 506
785 490
790 501
795 515
800 502
805 492
810 506
815 512
820 497
825 498
830 510
835 507
840 489
845 502
850 515
855 500
860 493
865 507
870 510
875 495
880 496
885 512
890 505
895 491
900 502
905 517
910 502
915 490
920 505
925 511
930 497
935 493
940 508
945 510
950 496
955 498
960 514
965 505
970 489
975 501
980 516
985 502
990 491
995 506
1000 499
1005 494
1010 509
1015 510
1020 494
1025 498
1030 514
1035 505
1040 489
1045 503
1050 515
1055 502
1060 492
1065 506
1070 511
1075 496
1080 495
1085 512
1090 505
1095 492
1100 502
1105 518
1110 503
1115 491
1120 505
1125 505
1130 489
1135 503
1140 515
1145 501
1150 492
1155 505
1160 512
1165 498
1170 496
1175 509
1180 508
1185 493
1190 499
1195 515
1200 503
1205 489
1210 503
1215 514
1220 499
1225 493
1230 508
1235 511
1240 495
1245 497
1250 511
1255 505
1260 490
1265 501
1270 516
1275 502
1280 492
1285 506
1290 512
1295 496
1300 496
1305 512
1310 508
1315 491
1320 499
1325 516
1330 503
1335 490
1340 505
1345 514
1350 499
1355 495
1360 510
1365 508
1370 493
1375 499
1380 515
1385 504
1390 490
1395 502
1400 514
1405 499
1410 493
1415 508
1420 509
1425 495
1430 499
1435 512
1440 506
1445 489
1450 502
1455 515
1460 500
1465 493
1470 507
1475 511
1480 496
1485 495
1490 511
1495 507
1500 492
1505 500
1510 517
1515 501
1520 500
1525 492
1530 506
1535 512
1540 496
1545 495
1550 510
1555 507
1560 492
1565 500
1570 516
1575 501
1580 490
1585 505
1590 514
1595 497
1600 493
1605 509
1610 508
1615 494
1620 499
1625 513
1630 504
1635 489
1640 502
1645 515
1650 499
1655 493
1660 510
1665 510
1670 496
1675 498
1680 513
1685 506
1690 489
1695 502
1700 515
1705 501
1710 492
1715 506
1720 510
1725 496
1730 496
1735 511
1740 508
1745 492
1750 501
1755 517
1760 503
1765 491
1770 504
1775 511
1780 497
1785 495
1790 509
1795 508
1800 493
1805 500
1810 514
1815 504
1820 496
1825 512
1830 506
1835 491
1840 501
1845 516
1850 503
1855 490
1860 506
1865 513
1870 498
1875 496
1880 511
1885 508
1890 494
1895 499
1900 515
1905 504
1910 490
1915 504
1920 513
1925 500
1930 493
1935 509
1940 510
1945 495
1950 496
1955 512
1960 506
1965 489
1970 501
1975 515
1980 502
1985 492
1990 505
1995 511
2000 498
2005 495
2010 510
2015 508
2020 492
2025 501
2030 516
2035 502
2040 490
2045 505
2050 512
2055 498
2060 494
2065 510
2070 508
2075 493
2080 499
2085 514
2090 503
2095 489
2100 503
2105 514
2110 499
2115 494
2120 508
2125 509
2130 493
2135 501
2140 518
2145 503
2150 491
2155 506
2160 512
2165 497
2170 494
2175 508
2180 509
2185 494
2190 499
2195 513
2200 503
2205 490
2210 502
2215 515
2220 502
2225 493
2230 508
2235 511
2240 495
2245 498
2250 513
2255 507
2260 492
2265 502
2270 517
2275 501
2280 498
2285 493
2290 508
2295 509
2300 495
2305 497
2310 513
2315 506
2320 490
2325 508
2330 509
2335 486
2340 500
2345 505
2350 516
2355 557
2360 497
2365 494
2370 509
2375 509
2380 490
2385 499
2390 518
2395 502
2400 489
2405 504
2410 513
2415 499
2420 493
2425 507
2430 510
2435 496
2440 498
2445 513
2450 506
2455 492
2460 502
2465 515
2470 502
2475 491
2480 506
2485 511
2490 497
2495 495
2500 510
2505 505
2510 491
2515 501
2520 516
2525 503
2530 490
2535 506
2540 512
2545 498
2550 494
2555 510
2560 508
2565 494
2570 499
2575 513
2580 504
2585 488
2590 504
2595 513
2600 499
2605 493
2610 508
2615 510
2620 493
2625 497
2630 514
2635 505
2640 489
2645 502
2650 516
2655 500
2660 492
2665 508
2670 510
2675 496
2680 496
2685 512
2690 505
2695 490
2700 502
2705 516
2710 502
2715 491
2720 506
2725 511
2730 497
2735 495
2740 510
2745 508
2750 493
2755 500
2760 515
2765 503
2770 488
2775 503
2780 513
2785 500
2790 494
2795 512
2800 506
2805 489
2810 501
2815 516
2820 501
2825 491
2830 505
2835 512
2840 498
2845 496
2850 510
2855 508
2860 492
2865 499
2870 515
2875 502
2880 489
2885 506
2890 495
2895 495
2900 510
2905 507
2910 493
2915 500
2920 515
2925 503
2930 489
2935 506
2940 513
2945 499
2950 493
2955 507
2960 509
2965 496
2970 497
2975 512
2980 506
2985 491
2990 501
2995 515
3000 501
3005 489
3010 506
3015 511
3020 498
3025 495
3030 510
3035 489
3040 501
3045 516
3050 501
3055 491
3060 506
3065 511
3070 498
3075 494
3080 510
3085 510
3090 493
3095 499
3100 513
3105 506
3110 488
3115 503
3120 515
3125 500
3130 492
3135 508
3140 507
3145 502
3150 517
3155 501
3160 491
3165 505
3170 511
3175 496
3180 496
3185 512
3190 507
3195 493
3200 500
3205 515
3210 503
3215 489
3220 504
3225 514
3230 500
3235 494
3240 508
3245 509
3250 493
3255 498
3260 514
3265 505
3270 489
3275 501
3280 517
3285 501
3290 491
3295 505
3300 512
3305 498
3310 495
3315 510
3320 507
3325 493
3330 500
3335 515
3340 503
3345 489
3350 504
3355 513
3360 497
3365 494
3370 508
3375 508
3380 494
3385 499
3390 514
3395 504
3400 490
3405 504
3410 513
3415 500
3420 494
3425 507
3430 509
3435 493
3440 498
3445 512
3450 506
3455 489
3460 503
3465 515
3470 499
3475 492
3480 507
3485 509
3490 496
3495 497
3500 512
3505 505
3510 491
3515 502
3520 516
3525 501
3530 490
3535 506
3540 511
3545 498
3550 495
3555 512
3560 508
3565 492
3570 499
3575 516
3580 503
3585 490
3590 506
3595 513
3600 497
3605 496
3610 509
3615 509
3620 492
3625 499
3630 515
3635 504
3640 489
3645 503
3650 514
3655 499
3660 493
3665 507
3670 510
3675 495
3680 498
3685 511
3690 505
3695 492
3700 502
3705 516
3710 501
3715 491
3720 505
3725 511
3730 497
3735 496
3740 511
3745 506
3750 491
3755 502
3760 515
3765 502
3770 491
3775 504
3780 515
3785 499
3790 492
3795 493
3800 507
3805 509
3810 496
3815 497
3820 511
3825 506
3830 492
3835 500
3840 516
3845 502
3850 489
3855 505
3860 513
3865 497
3870 494
3875 509
3880 509
3885 494
3890 497
3895 513
3900 505
3905 489
3910 503
3915 515
3920 502
3925 492
3930 507
3935 511
3940 496
3945 496
3950 512
3955 505
3960 492
3965 501
3970 516
3975 502
3980 491
3985 505
3990 513
3995 498
4000 495
4005 511
4010 508
4015 493
4020 499
4025 515
4030 504
4035 489
4040 504
4045 514
4050 499
4055 494
4060 509
4065 508
4070 496
4075 498
4080 513
4085 504
4090 490
4095 502
4100 515
4105 500
4110 494
4115 508
4120 510
4125 496
4130 497
4135 512
4140 506
4145 492
4150 510
4155 510
4160 495
4165 497
4170 513
4175 506
4180 490
4185 502
4190 515
4195 502
4200 492
4205 508
4210 512
4215 496
4220 496
4225 512
4230 507
4235 492
4240 499
4245 516
4250 504
4255 489
4260 504
4265 514
4270 500
4275 494
4280 509
4285 510
4290 495
4295 497
4300 511
4305 505
4310 494
4315 509
4320 510
4325 494
4330 498
4335 513
4340 505
4345 489
4350 501
4355 515
4360 501
4365 492
4370 508
4375 510
4380 496
4385 497
4390 512
4395 507
4400 492
4405 500
4410 516
4415 503
4420 489
4425 505
4430 513
4435 498
4440 495
4445 510
4450 509
4455 494
4460 498
4465 514
4470 506
4475 488
4480 503
4485 516
4490 499
4495 492
4500 508
4505 512
4510 496
4515 496
4520 512
4525 506
4530 492
4535 501
4540 515
4545 501
4550 491
4555 496
4560 512
4565 506
4570 491
4575 501
4580 516
4585 502
4590 489
4595 505
4600 513
4605 497
4610 495
4615 510
4620 508
4625 493
4630 500
4635 516
4640 504
4645 490
4650 503
4655 514
4660 500
4665 493
4670 508
4675 510
4680 495
4685 499
4690 514
4695 505
4700 491
4705 502
4710 515
4715 502
4720 492
4725 506
4730 512
4735 496
4740 496
4745 511
4750 507
4755 492
4760 501
4765 514
4770 503
4775 491
4780 513
4785 504
4790 489
4795 503
4800 516
4805 500
4810 492
4815 506
4820 510
4825 496
4830 495
4835 511
4840 507
4845 492
4850 502
4855 517
4860 502
4865 490
4870 505
4875 513
4880 499
4885 493
4890 509
4895 509
4900 494
4905 498
4910 513
4915 505
4920 490
4925 503
4930 515
4935 500
4940 492
4945 502
4950 490
4955 504
4960 513
4965 498
4970 494
4975 509
4980 509
4985 494
4990 497
4995 514
5000 505
5005 490
5010 502
5015 515
5020 500
5025 492
5030 508
5035 511
5040 496
5045 496
5050 513
5055 507
5060 492
5065 500
5070 516
5075 502
5080 491
5085 504
5090 512
5095 499
5100 495
5105 509
5110 508
5115 494
5120 499
5125 513
5130 506
5135 491
5140 501
5145 515
5150 501
5155 492
5160 507
5165 511
5170 495
5175 497
5180 511
5185 505
5190 491
5195 502
5200 515
5205 502
5210 491
5215 506
5220 513
5225 498
5230 495
5235 508
5240 509
5245 495
5250 497
5255 513
5260 505
5265 488
5270 501
5275 516
5280 500
5285 493
5290 507
5295 510
5300 496
5305 498
5310 513
5315 506
5320 495
5325 496
5330 512
5335 507
5340 491
5345 500
5350 518
5355 502
5360 489
5365 504
5370 512
5375 498
5380 494
5385 509
5390 507
5395 492
5400 500
5405 515
5410 503
5415 491
5420 505
5425 512
5430 497
5435 495
5440 510
5445 508
5450 493
5455 499
5460 514
5465 503
5470 490
5475 504
5480 513
5485 499
5490 494
5495 509
5500 508
5505 495
5510 498
5515 515
5520 504
5525 490
5530 503
5535 514
5540 499
5545 493
5550 506
5555 510
5560 495
5565 497
5570 513
5575 505
5580 490
5585 502
5590 515
5595 501
5600 491
5605 507
5610 511
5615 497
5620 496
5625 512
5630 505
5635 490
5640 502
5645 515
5650 500
5655 491
5660 507
5665 513
5670 498
5675 496
5680 511
5685 507
5690 491
5695 500
5700 516
5705 504
5710 489
5715 506
5720 512
5725 498
5730 493
5735 508
5740 508
5745 493
5750 499
5755 514
5760 494
5765 498
5770 513
5775 504
5780 490
5785 503
5790 509
5795 498
5800 496
5805 512
5810 507
5815 492
5820 500
5825 515
5830 503
5835 489
5840 504
5845 514
5850 498
5855 493
5860 508
5865 510
5870 494
5875 498
5880 513
5885 505
5890 490
5895 501
5900 516
5905 501
5910 491
5915 507
5920 512
5925 496
5930 496
5935 512
5940 507
5945 490
5950 501
5955 515
5960 501
5965 490
5970 505
5975 512
5980 498
5985 493
5990 510
5995 509
6000 493
6005 497
6010 514
6015 505
6020 489
6025 503
6030 514
6035 500
6040 493
6045 508
6050 509
6055 495
6060 499
6065 513
6070 513
6075 505
6080 491
6085 500
6090 516
6095 502
6100 492
6105 506
6110 512
6115 498
6120 497
6125 509
6130 508
6135 492
6140 501
6145 512
6150 506
6155 490
6160 501
6165 516
6170 516
6175 494
6180 503
6185 495
6190 493
6195 495
6200 509
6205 509
6210 495
6215 497
6220 511
6225 508
6230 492
6235 501
6240 516
6245 503
6250 490
6255 506
6260 512
6265 497
6270 494
6275 510
6280 508
6285 494
6290 499
6295 513
6300 498
6305 496
6310 512
6315 508
6320 492
6325 499
6330 515
6335 504
6340 490
6345 504
6350 513
6355 499
6360 495
6365 507
6370 510
6375 496
6380 497
6385 512
6390 505
6395 490
6400 503
6405 515
6410 500
6415 493
6420 507
6425 510
6430 495
6435 496
6440 511
6445 505
6450 491
6455 500
6460 516
6465 503
6470 490
6475 505
6480 513
6485 498
6490 493
6495 509
6500 509
6505 496
6510 499
6515 513
6520 505
6525 489
6530 503
6535 515
6540 500
6545 492
6550 507
6555 512
6560 496
6565 496
6570 512
6575 507
6580 491
6585 500
6590 516
6595 502
6600 490
6605 504
6610 514
6615 497
6620 496
6625 509
6630 510
6635 493
6640 497
6645 514
6650 505
6655 489
6660 503
6665 515
6670 500
6675 514
6680 506
6685 489
6690 502
6695 516
6700 502
6705 492
6710 506
6715 512
6720 497
6725 495
6730 511
6735 497
6740 490
6745 506
6750 511
6755 498
6760 495
6765 509
6770 508
6775 493
6780 498
6785 513
6790 505
6795 490
6800 507
6805 510
6810 495
6815 497
6820 511
6825 506
6830 506
6835 513
6840 500
6845 493
6850 503
6855 488
6860 503
6865 516
6870 500
6875 491
6880 505
6885 511
6890 497
6895 496
6900 510
6905 506
6910 492
6915 500
6920 515
6925 502
6930 491
6935 504
6940 514
6945 498
6950 494
6955 509
6960 509
6965 493
6970 498
6975 513
6980 504
6985 490
6990 503
6995 514
7000 499
7005 494
7010 508
7015 509
7020 495
7025 497
7030 511
7035 506
7040 490
7045 501
7050 515
7055 502
7060 492
7065 506
7070 512
7075 495
7080 496
7085 511
7090 508
7095 491
7100 501
7105 515
7110 502
7115 490
7120 506
7125 513
7130 497
7135 495
7140 509
7145 507
7150 493
7155 499
7160 515
7165 504
7170 489
7175 504
7180 504
7185 489
7190 503
7195 514
7200 500
7205 493
7210 507
7215 509
7220 495
7225 497
7230 511
7235 505
7240 491
7245 502
7250 515
7255 501
7260 492
7265 506
7270 512
7275 497
7280 495
7285 511
7290 507
7295 492
7300 502
7305 514
7310 501
7315 490
7320 504
7325 513
7330 497
7335 494
7340 509
7345 510
7350 494
7355 497
7360 513
7365 506
7370 489
7375 502
7380 515
7385 500
7390 492
7395 508
7400 512
7405 495
7410 497
7415 511
7420 506
7425 489
7430 502
7435 517
7440 501
7445 491
7450 505
7455 510
7460 497
7465 495
7470 510
7475 507
7480 491
7485 500
7490 517
7495 504
7500 490
7505 505
7510 513
7515 499
7520 495
7525 509
7530 507
7535 493
7540 500
7545 515
7550 505
7555 490
7560 504
7565 514
7570 499
7575 494
7580 507
7585 509
7590 510
7595 496
7600 496
7605 511
7610 506
7615 491
7620 501
7625 516
7630 502
7635 492
7640 506
7645 511
7650 498
7655 496
7660 511
7665 507
7670 492
7675 500
7680 516
7685 503
7690 490
7695 506
7700 513
7705 497
7710 496
7715 509
7720 508
7725 492
7730 499
7735 515
7740 504
7745 490
7750 505
7755 511
7760 495
7765 496
7770 510
7775 508
7780 492
7785 500
7790 515
7795 504
7800 490
7805 504
7810 513
7815 500
7820 494
7825 508
7830 509
7835 494
7840 497
7845 513
7850 505
7855 490
7860 501
7865 516
7870 502
7875 492
7880 507
7885 510
7890 496
7895 497
7900 512
7905 506
7910 491
7915 502
7920 515
7925 502
7930 492
7935 505
7940 512
7945 497
7950 495
7955 510
7960 506
7965 492
7970 500
7975 515
7980 503
7985 490
7990 504
7995 513
8000 497
8005 494
8010 509
8015 509
8020 496
8025 497
8030 512
8035 506
8040 489
8045 502
8050 517
8055 501
8060 490
8065 505
8070 511
8075 498
8080 495
8085 509
8090 508
8095 492
8100 498
8105 515
8110 504
8115 491
8120 504
8125 513
8130 499
8135 493
8140 508
8145 509
8150 494
8155 498
8160 515
8165 504
8170 490
8175 502
8180 514
8185 500
8190 496
8195 511
8200 505
8205 491
8210 501
8215 515
8220 502
8225 491
8230 506
8235 511
8240 497
8245 495
8250 510
8255 506
8260 493
8265 500
8270 516
8275 503
8280 489
8285 511
8290 507
8295 492
8300 500
8305 515
8310 503
8315 489
8320 504
8325 514
8330 498
8335 494
8340 508
8345 514
8350 506
8355 487
8360 503
8365 515
8370 498
8375 493
8380 508
8385 510
8390 494
8395 496
8400 512
8405 505
8410 490
8415 502
8420 515
8425 502
8430 492
8435 507
8440 512
8445 497
8450 495
8455 509
8460 507
8465 492
8470 501
8475 516
8480 501
8485 491
8490 504
8495 511
8500 498
8505 494
8510 509
8515 508
8520 493
8525 499
8530 513
8535 504
8540 489
8545 502
8550 516
8555 500
8560 493
8565 508
8570 512
8575 496
8580 498
8585 512
8590 505
8595 491
8600 502
8605 515
8610 502
8615 491
8620 506
8625 512
8630 496
8635 495
8640 510
8645 507
8650 492
8655 500
8660 516
8665 502
8670 491
8675 506
8680 514
8685 497
8690 494
8695 510
8700 509
8705 492
8710 499
8715 513
8720 505
8725 488
8730 502
8735 514
8740 500
8745 493
8750 507
8755 510
8760 495
8765 496
8770 512
8775 506
8780 491
8785 500
8790 516
8795 503
8800 490
8805 505
8810 514
8815 497
8820 494
8825 509
8830 508
8835 494
8840 499
8845 513
8850 504
8855 489
8860 504
8865 514
8870 500
8875 493
8880 508
8885 493
8890 509
8895 509
8900 493
8905 499
8910 513
8915 506
8920 488
8925 501
8930 514
8935 502
8940 494
8945 505
8950 511
8955 495
8960 497
8965 511
8970 505
8975 491
8980 501
8985 515
8990 500
8995 492
9000 506
9005 511
9010 498
9015 496
9020 512
9025 506
9030 491
9035 500
9040 515
9045 503
9050 489
9055 504
9060 512
9065 499
9070 494
9075 509
9080 508
9085 493
9090 499
9095 515
9100 505
9105 499
9110 492
9115 508
9120 509
9125 496
9130 498
9135 511
9140 505
9145 490
9150 501
9155 515
9160 501
9165 492
9170 507
9175 512
9180 495
9185 496
9190 511
9195 497
9200 454
9205 514
9210 516
9215 514
9220 502
9225 495
9230 496
9235 511
9240 503
9245 490
9250 505
9255 515
9260 498
9265 511
9270 507
9275 491
9280 500
9285 516
9290 503
9295 489
9300 505
9305 513
9310 499
9315 493
9320 509
9325 509
9330 493
9335 498
9340 513
9345 506
9350 489
9355 503
9360 514
9365 500
9370 494
9375 508
9380 511
9385 495
9390 498
9395 511
9400 492
9405 504
9410 514
9415 499
9420 493
9425 509
9430 510
9435 493
9440 500
9445 516
9450 503
9455 490
9460 504
9465 515
9470 497
9475 494
9480 510
9485 510
9490 493
9495 499
9500 514
9505 504
9510 493
9515 505
9520 511
9525 497
9530 495
9535 512
9540 507
9545 492
9550 499
9555 515
9560 503
9565 489
9570 504
9575 513
9580 497
9585 493
9590 508
9595 508
9600 493
9605 500
9610 514
9615 504
9620 488
9625 504
9630 516
9635 499
9640 494
9645 508
9650 510
9655 495
9660 498
9665 514
9670 506
9675 490
9680 501
9685 515
9690 502
9695 492
9700 519
9705 503
9710 489
9715 504
9720 513
9725 500
9730 493
9735 510
9740 509
9745 495
9750 497
9755 514
9760 505
9765 490
9770 502
9775 515
9780 502
9785 492
9790 506
9795 511
9800 496
9805 496
9810 511
9815 506
9820 492
9825 502
9830 516
9835 501
9840 490
9845 505
9850 513
9855 499
9860 494
9865 512
9870 498
9875 494
9880 509
9885 508
9890 494
9895 500
9900 516
9905 504
9910 490
9915 504
9920 515
9925 499
9930 492
9935 508
9940 511
9945 495
9950 497
9955 513
9960 505
9965 490
9970 503
9975 516
9980 499
9985 493
9990 508
9995 510
10000 495
10005 498
10010 512
10015 505
10020 491
10025 502
10030 515
10035 502
10040 491
10045 506
10050 512
10055 513
10060 499
10065 494
10070 508
10075 510
10080 494
10085 497
10090 513
10095 506
10100 489
10105 501
10110 516
10115 500
10120 492
10125 506
10130 511
10135 496
10140 496
10145 511
10150 508
10155 492
10160 500
10165 514
10170 504
10175 489
10180 505
10185 514
10190 499
10195 494
10200 509
10205 498
10210 498
10215 513
10220 505
10225 490
10230 503
10235 516
10240 500
10245 491
10250 507
10255 512
10260 497
10265 496
10270 515
10275 505
10280 488
10285 504
10290 514
10295 499
10300 493
10305 507
10310 509
10315 495
10320 497
10325 512
10330 506
10335 489
10340 501
10345 516
10350 501
10355 494
10360 508
10365 511
10370 496
10375 497
10380 512
10385 506
10390 491
10395 502
10400 516
10405 502
10410 491
10415 506
10420 511
10425 497
10430 495
10435 512
10440 508
10445 493
10450 500
10455 515
10460 503
10465 490
10470 504
10475 513
10480 499
10485 494
10490 509
10495 510
10500 495
10505 498
10510 514
10515 505
10520 490
10525 502
10530 515
10535 502
10540 491
10545 506
10550 511
10555 497
10560 496
10565 511
10570 507
10575 492
10580 502
10585 516
10590 503
10595 491
10600 506
10605 512
10610 497
10615 494
10620 496
10625 511
10630 508
10635 491
10640 501
10645 516
10650 503
10655 492
10660 505
10665 512
10670 497
10675 495
10680 512
10685 507
10690 492
10695 501
10700 515
10705 502
10710 490
10715 505
10720 513
10725 499
10730 493
10735 509
10740 508
10745 494
10750 497
10755 514
10760 504
10765 490
10770 502
10775 516
10780 500
10785 492
10790 508
10795 512
10800 495
10805 496
10810 511
10815 507
10820 491
10825 500
10830 518
10835 500
10840 490
10845 505
10850 513
10855 496
10860 495
10865 510
10870 508
10875 494
10880 499
10885 515
10890 504
10895 489
10900 503
10905 514
10910 500
10915 493
10920 508
10925 510
10930 496
10935 498
10940 513
10945 505
10950 489
10955 503
10960 516
10965 501
10970 493
10975 506
10980 511
10985 495
10990 497
10995 510
11000 505
11005 490
11010 502
11015 515
11020 502
11025 491
11030 505
11035 513
11040 498
11045 495
11050 509
11055 508
11060 493
11065 499
11070 514
11075 503
11080 490
11085 503
11090 515
11095 501
11100 492
11105 508
11110 512
11115 496
11120 497
11125 511
11130 508
11135 492
11140 502
11145 517
11150 502
11155 491
11160 506
11165 511
11170 496
11175 495
11180 512
11185 508
11190 492
11195 499
11200 516
11205 502
11210 489
11215 512
11220 507
11225 493
11230 499
11235 516
11240 504
11245 489
11250 504
11255 514
11260 499
11265 494
11270 508
11275 509
11280 495
11285 498
11290 514
11295 506
11300 489
11305 502
11310 515
11315 501
11320 492
11325 507
11330 509
11335 496
11340 498
11345 512
11350 506
11355 492
11360 502
11365 516
11370 502
11375 
