0 1023
5 1023
10 1023
15 1023
20 1023
25 1023
30 1023
35 1023
40 1023
45 1023
50 455
55 0
60 0
65 0
70 0
75 0
80 0
85 0
90 0
95 0
100 782
105 1023
110 1023
115 1023
120 1023
125 1023
130 1023
135 1023
140 1023
145 1023
150 105
155 0
160 0
165 0
170 0
175 0
180 0
185 0
190 0
195 0
200 979
205 1023
210 1023
215 1023
220 1023
225 1023
230 1023
235 1023
240 1023
245 1023
250 8
255 0
260 0
265 0
270 0
275 0
280 0
285 0
290 0
295 54
300 1017
305 1023
310 1023
315 1023
320 1023
325 1023
330 1023
335 1023
340 1023
345 348
350 0
355 0
360 0
365 0
370 0
375 0
380 0
385 0
390 0
395 875
400 1023
405 1023
410 1023
415 1023
420 1023
425 1023
430 1023
435 1023
440 1023
445 51
450 0
455 0
460 0
465 0
470 0
475 0
480 0
485 0
490 0
495 1002
500 1023
505 1023
510 1023
515 1023
520 1023
525 1023
530 1023
535 1023
540 1023
545 0
550 0
555 0
560 0
565 0
570 0
575 0
580 0
585 0
590 507
595 1020
600 1023
605 1023
610 1023
615 1023
620 1023
625 1023
630 1023
635 1023
640 169
645 0
650 0
655 0
660 0
665 0
670 0
675 0
680 0
685 0
690 949
695 1023
700 1023
705 1023
710 1023
715 1023
720 1023
725 1023
730 1023
735 1023
740 21
745 0
750 0
755 0
760 0
765 0
770 0
775 0
780 0
785 0
790 1013
795 1023
800 1023
805 1023
810 1023
815 1023
820 1023
825 1023
830 1023
835 1023
840 63
845 0
850 0
855 0
860 0
865 0
870 0
875 0
880 0
885 0
890 1005
895 1023
900 1023
905 1023
910 1023
915 1023
920 1023
925 1023
930 1023
935 1023
940 0
945 0
950 0
955 0
960 0
965 0
970 0
975 0
980 0
985 573
990 1021
995 1023
1000 1023
1005 1023
1010 1023
1015 1023
1020 1023
1025 1023
1030 1023
1035 161
1040 0
1045 0
1050 0
1055 0
1060 0
1065 0
1070 0
1075 0
1080 0
1085 953
1090 1023
1095 1023
1100 1023
1105 1023
1110 1023
1115 1023
1120 1023
1125 1023
1130 1023
1135 20
1140 0
1145 0
1150 0
1155 0
1160 0
1165 0
1170 0
1175 0
1180 0
1185 1013
1190 1023
1195 1023
1200 1023
1205 1023
1210 1023
1215 1023
1220 1023
1225 1023
1230 569
1235 0
1240 0
1245 0
1250 0
1255 0
1260 0
1265 0
1270 0
1275 0
1280 777
1285 1023
1290 1023
1295 1023
1300 1023
1305 1023
1310 1023
1315 1023
1320 1023
1325 1023
1330 87
1335 0
1340 0
1345 0
1350 0
1355 0
1360 0
1365 0
1370 0
1375 0
1380 985
1385 1023
1390 1023
1395 1023
1400 1023
1405 1023
1410 1023
1415 1023
1420 1023
1425 1023
1430 5
1435 0
1440 0
1445 0
1450 0
1455 0
1460 0
1465 0
1470 0
1475 182
1480 1019
1485 1023
1490 1023
1495 1023
1500 1023
1505 1023
1510 1023
1515 1023
1520 1023
1525 304
1530 0
1535 0
1540 0
1545 0
1550 0
1555 0
1560 0
1565 0
1570 0
1575 906
1580 1023
1585 1023
1590 1023
1595 1023
1600 1023
1605 1023
1610 1023
1615 1023
1620 1023
1625 38
1630 0
1635 0
1640 0
1645 0
1650 0
1655 0
1660 0
1665 0
1670 0
1675 1006
1680 1023
1685 1023
1690 1023
1695 1023
1700 1023
1705 1023
1710 1023
1715 1023
1720 1023
1725 0
1730 0
1735 0
1740 0
1745 0
1750 0
1755 0
1760 0
1765 0
1770 605
1775 1021
1780 1023
1785 1023
1790 1023
1795 1023
1800 1023
1805 1023
1810 1023
1815 1023
1820 150
1825 0
1830 0
1835 0
1840 0
1845 0
1850 0
1855 0
1860 0
1865 0
1870 958
1875 1023
1880 1023
1885 1023
1890 1023
1895 1023
1900 1023
1905 1023
1910 1023
1915 1023
1920 18
1925 0
1930 0
1935 0
1940 0
1945 0
1950 0
1955 0
1960 0
1965 0
1970 1014
1975 1023
1980 1023
1985 1023
1990 1023
1995 1023
2000 1023
2005 1023
2010 1023
2015 540
2020 0
2025 0
2030 0
2035 0
2040 0
2045 0
2050 0
2055 0
2060 0
2065 790
2070 1023
2075 1023
2080 1023
2085 1023
2090 1023
2095 1023
2100 1023
2105 1023
2110 1023
2115 81
2120 0
2125 0
2130 0
2135 0
2140 0
2145 0
2150 0
2155 0
2160 0
2165 989
2170 1023
2175 1023
2180 1023
2185 1023
2190 1023
2195 1023
2200 1023
2205 1023
2210 1023
2215 4
2220 0
2225 0
2230 0
2235 0
2240 0
2245 0
2250 0
2255 0
2260 228
2265 1020
2270 1023
2275 1023
2280 1023
2285 1023
2290 1023
2295 1023
2300 1023
2305 1023
2310 289
2315 0
2320 0
2325 0
2330 0
2335 0
2340 0
2345 0
2350 0
2355 0
2360 905
2365 1023
2370 1023
2375 1023
2380 1023
2385 1023
2390 1023
2395 1023
2400 1023
2405 1023
2410 39
2415 0
2420 0
2425 0
2430 0
2435 0
2440 0
2445 0
2450 0
2455 0
2460 1005
2465 1023
2470 1023
2475 1023
2480 1023
2485 1023
2490 1023
2495 1023
2500 1023
2505 1023
2510 0
2515 0
2520 0
2525 0
2530 0
2535 0
2540 0
2545 0
2550 0
2555 601
2560 1021
2565 1023
2570 1023
2575 1023
2580 1023
2585 1023
2590 1023
2595 1023
2600 1023
2605 151
2610 0
2615 0
2620 0
2625 0
2630 0
2635 0
2640 0
2645 0
2650 0
2655 958
2660 1023
2665 1023
2670 1023
2675 1023
2680 1023
2685 1023
2690 1023
2695 1023
2700 1023
2705 17
2710 0
2715 0
2720 0
2725 0
2730 0
2735 0
2740 0
2745 0
2750 0
2755 1014
2760 1023
2765 1023
2770 1023
2775 1023
2780 1023
2785 1023
2790 1023
2795 1023
2800 557
2805 0
2810 0
2815 0
2820 0
2825 0
2830 0
2835 0
2840 0
2845 0
2850 777
2855 1023
2860 1023
2865 1023
2870 1023
2875 1023
2880 1023
2885 1023
2890 1023
2895 1023
2900 87
2905 0
2910 0
2915 0
2920 0
2925 0
2930 0
2935 0
2940 0
2945 0
2950 986
2955 1023
2960 1023
2965 1023
2970 1023
2975 1023
2980 1023
2985 1023
2990 1023
2995 1023
3000 5
3005 0
3010 0
3015 0
3020 0
3025 0
3030 0
3035 0
3040 0
3045 163
3050 1017
3055 1023
3060 1023
3065 1023
3070 1023
3075 1023
3080 1023
3085 1023
3090 1023
3095 289
3100 0
3105 0
3110 0
3115 0
3120 0
3125 0
3130 0
3135 0
3140 0
3145 895
3150 1023
3155 1023
3160 1023
3165 1023
3170 1023
3175 1023
3180 1023
3185 1023
3190 1023
3195 42
3200 0
3205 0
3210 0
3215 0
3220 0
3225 0
3230 0
3235 0
3240 0
3245 1003
3250 1023
3255 1023
3260 1023
3265 1023
3270 1023
3275 1023
3280 1023
3285 1023
3290 1023
3295 0
3300 0
3305 0
3310 0
3315 0
3320 0
3325 0
3330 0
3335 0
3340 557
3345 1021
3350 1023
3355 1023
3360 1023
3365 1023
3370 1023
3375 1023
3380 1023
3385 1023
3390 165
3395 0
3400 0
3405 0
3410 0
3415 0
3420 0
3425 0
3430 0
3435 0
3440 951
3445 1023
3450 1023
3455 1023
3460 1023
3465 1023
3470 1023
3475 1023
3480 1023
3485 1023
3490 20
3495 0
3500 0
3505 0
3510 0
3515 0
3520 0
3525 0
3530 0
3535 0
3540 1013
3545 1023
3550 1023
3555 1023
3560 1023
3565 1023
3570 1023
3575 1023
3580 1023
3585 590
3590 0
3595 0
3600 0
3605 0
3610 0
3615 0
3620 0
3625 0
3630 0
3635 840
3640 1023
3645 1023
3650 1023
3655 1023
3660 1023
3665 1023
3670 1023
3675 1023
3680 1023
3685 33
3690 0
3695 0
3700 0
3705 0
3710 0
3715 0
3720 0
3725 0
3730 0
3735 1007
3740 1023
3745 1023
3750 1023
3755 1023
3760 1023
3765 1023
3770 1023
3775 1023
3780 980
3785 0
3790 0
3795 0
3800 0
3805 0
3810 0
3815 0
3820 0
3825 0
3830 603
3835 1021
3840 1023
3845 1023
3850 1023
3855 
