0 0
5 438
10 494
15 538
20 582
25 620
30 586
35 534
40 484
45 447
50 412
55 380
60 419
65 466
70 508
75 547
80 584
85 618
90 599
95 549
100 506
105 466
110 430
115 395
120 392
125 444
130 487
135 527
140 565
145 601
150 612
155 559
160 514
165 474
170 436
175 401
180 386
185 437
190 484
195 525
200 565
205 600
210 627
215 573
220 528
225 484
230 445
235 410
240 378
245 423
250 470
255 512
260 553
265 590
270 622
275 589
280 541
285 497
290 458
295 422
300 390
305 406
310 455
315 500
320 541
325 578
330 613
335 606
340 555
345 509
350 470
355 431
360 398
365 390
370 440
375 486
380 527
385 565
390 600
395 627
400 576
405 528
410 486
415 447
420 413
425 380
430 422
435 466
440 510
445 550
450 584
455 619
460 597
465 547
470 503
475 464
480 427
485 393
490 398
495 448
500 493
505 534
510 571
515 606
520 610
525 560
530 514
535 474
540 435
545 401
550 385
555 435
560 482
565 524
570 562
575 598
580 630
585 578
590 531
595 488
600 449
605 414
610 381
615 417
620 464
625 508
630 547
635 585
640 617
645 597
650 548
655 503
660 464
665 427
670 394
675 399
680 448
685 493
690 534
695 572
700 606
705 606
710 555
715 511
720 468
725 431
730 398
735 389
740 440
745 486
750 527
755 566
760 616
765 562
770 516
775 476
780 438
785 403
790 382
795 434
800 479
805 521
810 561
815 597
820 629
825 580
830 532
835 491
840 451
845 416
850 384
855 414
860 462
865 505
870 544
875 582
880 615
885 602
890 553
895 508
900 467
905 429
910 397
915 393
920 442
925 487
930 530
935 567
940 602
945 626
950 571
955 525
960 483
965 444
970 410
975 379
980 422
985 470
990 513
995 551
1000 588
1005 621
1010 593
1015 544
1020 500
1025 460
1030 424
1035 391
1040 401
1045 451
1050 495
1055 536
1060 574
1065 609
1070 616
1075 563
1080 517
1085 475
1090 439
1095 404
1100 379
1105 431
1110 477
1115 520
1120 557
1125 593
1130 628
1135 583
1140 535
1145 493
1150 453
1155 417
1160 386
1165 411
1170 461
1175 503
1180 543
1185 581
1190 615
1195 604
1200 554
1205 509
1210 468
1215 432
1220 398
1225 389
1230 440
1235 485
1240 528
1245 566
1250 602
1255 627
1260 573
1265 525
1270 484
1275 446
1280 411
1285 379
1290 422
1295 469
1300 511
1305 552
1310 588
1315 622
1320 594
1325 546
1330 500
1335 460
1340 424
1345 391
1350 401
1355 450
1360 494
1365 536
1370 574
1375 607
1380 617
1385 565
1390 518
1395 476
1400 439
1405 405
1410 379
1415 431
1420 478
1425 529
1430 567
1435 602
1440 624
1445 572
1450 524
1455 481
1460 443
1465 409
1470 377
1475 424
1480 471
1485 514
1490 553
1495 590
1500 623
1505 592
1510 543
1515 498
1520 443
1525 408
1530 376
1535 426
1540 474
1545 518
1550 555
1555 591
1560 624
1565 588
1570 540
1575 497
1580 456
1585 422
1590 387
1595 406
1600 442
1605 487
1610 528
1615 567
1620 602
1625 627
1630 573
1635 526
1640 484
1645 445
1650 409
1655 379
1660 422
1665 470
1670 513
1675 554
1680 588
1685 621
1690 591
1695 543
1700 499
1705 459
1710 422
1715 391
1720 402
1725 451
1730 496
1735 536
1740 575
1745 609
1750 612
1755 563
1760 518
1765 475
1770 436
1775 403
1780 383
1785 433
1790 480
1795 523
1800 561
1805 597
1810 629
1815 580
1820 531
1825 488
1830 450
1835 416
1840 383
1845 415
1850 463
1855 507
1860 547
1865 583
1870 618
1875 601
1880 551
1885 505
1890 466
1895 429
1900 396
1905 392
1910 442
1915 488
1920 536
1925 574
1930 608
1935 615
1940 563
1945 516
1950 475
1955 437
1960 403
1965 380
1970 432
1975 479
1980 520
1985 559
1990 596
1995 629
2000 579
2005 531
2010 490
2015 450
2020 415
2025 383
2030 415
2035 464
2040 507
2045 546
2050 583
2055 619
2060 600
2065 550
2070 506
2075 464
2080 427
2085 395
2090 396
2095 446
2100 491
2105 531
2110 570
2115 605
2120 622
2125 568
2130 522
2135 480
2140 442
2145 407
2150 376
2155 427
2160 475
2165 517
2170 556
2175 594
2180 624
2185 570
2190 524
2195 480
2200 443
2205 408
2210 376
2215 425
2220 470
2225 513
2230 554
2235 590
2240 621
2245 591
2250 544
2255 500
2260 457
2265 423
2270 390
2275 403
2280 470
2285 514
2290 553
2295 587
2300 620
2305 595
2310 546
2315 500
2320 460
2325 423
2330 392
2335 402
2340 450
2345 496
2350 536
2355 574
2360 609
2365 613
2370 563
2375 515
2380 473
2385 457
2390 413
2395 382
2400 418
2405 466
2410 509
2415 550
2420 585
2425 619
2430 597
2435 548
2440 503
2445 463
2450 426
2455 393
2460 398
2465 448
2470 494
2475 535
2480 572
2485 606
2490 617
2495 565
2500 519
2505 477
2510 441
2515 405
2520 377
2525 430
2530 476
2535 517
2540 558
2545 594
2550 627
2555 585
2560 537
2565 495
2570 454
2575 419
2580 386
2585 410
2590 457
2595 501
2600 541
2605 580
2610 614
2615 606
2620 556
2625 511
2630 469
2635 431
2640 400
2645 390
2650 441
2655 486
2660 528
2665 566
2670 601
2675 628
2680 574
2685 528
2690 483
2695 445
2700 412
2705 379
2710 421
2715 468
2720 512
2725 553
2730 588
2735 627
2740 583
2745 535
2750 492
2755 453
2760 416
2765 383
2770 413
2775 460
2780 504
2785 544
2790 582
2795 617
2800 601
2805 552
2810 507
2815 466
2820 430
2825 396
2830 394
2835 443
2840 490
2845 529
2850 568
2855 602
2860 622
2865 571
2870 522
2875 481
2880 443
2885 407
2890 376
2895 426
2900 473
2905 516
2910 555
2915 590
2920 626
2925 586
2930 538
2935 495
2940 456
2945 420
2950 386
2955 410
2960 458
2965 501
2970 541
2975 580
2980 614
2985 607
2990 556
2995 510
3000 471
3005 433
3010 399
3015 387
3020 439
3025 486
3030 527
3035 579
3040 613
3045 608
3050 556
3055 512
3060 471
3065 433
3070 400
3075 388
3080 438
3085 486
3090 527
3095 565
3100 601
3105 629
3110 575
3115 527
3120 485
3125 446
3130 411
3135 379
3140 419
3145 466
3150 510
3155 551
3160 587
3165 621
3170 595
3175 546
3180 501
3185 461
3190 425
3195 392
3200 399
3205 437
3210 483
3215 524
3220 562
3225 598
3230 632
3235 577
3240 529
3245 487
3250 449
3255 413
3260 380
3265 418
3270 465
3275 509
3280 550
3285 585
3290 619
3295 565
3300 623
3305 432
3310 388
3315 349
3320 425
3325 395
3330 399
3335 450
3340 494
3345 536
3350 572
3355 610
3360 614
3365 561
3370 514
3375 472
3380 435
3385 400
3390 386
3395 437
3400 483
3405 526
3410 567
3415 602
3420 625
3425 573
3430 526
3435 482
3440 443
3445 410
3450 378
3455 424
3460 470
3465 514
3470 555
3475 590
3480 624
3485 590
3490 541
3495 497
3500 457
3505 421
3510 389
3515 404
3520 455
3525 499
3530 542
3535 580
3540 612
3545 607
3550 558
3555 511
3560 469
3565 433
3570 399
3575 389
3580 440
3585 486
3590 528
3595 573
3600 608
3605 615
3610 563
3615 516
3620 476
3625 437
3630 404
3635 379
3640 431
3645 479
3650 522
3655 559
3660 595
3665 628
3670 582
3675 534
3680 491
3685 452
3690 416
3695 383
3700 413
3705 462
3710 505
3715 545
3720 582
3725 617
3730 601
3735 554
3740 507
3745 467
3750 431
3755 397
3760 393
3765 442
3770 488
3775 531
3780 569
3785 603
3790 623
3795 520
3800 478
3805 441
3810 405
3815 377
3820 430
3825 476
3830 519
3835 565
3840 602
3845 630
3850 575
3855 527
3860 485
3865 446
3870 412
3875 378
3880 420
3885 468
3890 512
3895 551
3900 588
3905 621
3910 593
3915 544
3920 500
3925 460
3930 424
3935 390
3940 402
3945 454
3950 497
3955 539
3960 576
3965 611
3970 612
3975 561
3980 515
3985 472
3990 434
3995 401
4000 387
4005 438
4010 483
4015 529
4020 570
4025 604
4030 624
4035 570
4040 523
4045 482
4050 443
4055 408
4060 378
4065 426
4070 474
4075 518
4080 555
4085 591
4090 630
4095 580
4100 532
4105 487
4110 449
4115 414
4120 382
4125 418
4130 463
4135 508
4140 548
4145 586
4150 619
4155 598
4160 548
4165 503
4170 463
4175 426
4180 393
4185 398
4190 449
4195 495
4200 536
4205 573
4210 607
4215 616
4220 563
4225 516
4230 475
4235 438
4240 403
4245 381
4250 433
4255 480
4260 521
4265 561
4270 597
4275 629
4280 580
4285 532
4290 490
4295 451
4300 415
4305 381
4310 415
4315 464
4320 508
4325 547
4330 585
4335 618
4340 599
4345 548
4350 506
4355 465
4360 428
4365 395
4370 395
4375 446
4380 492
4385 541
4390 582
4395 616
4400 603
4405 554
4410 508
4415 467
4420 430
4425 396
4430 393
4435 444
4440 489
4445 529
4450 568
4455 603
4460 625
4465 570
4470 524
4475 482
4480 443
4485 408
4490 378
4495 425
4500 472
4505 515
4510 555
4515 591
4520 625
4525 589
4530 540
4535 497
4540 456
4545 419
4550 388
4555 431
4560 479
4565 521
4570 561
4575 597
4580 629
4585 580
4590 533
4595 489
4600 450
4605 414
4610 382
4615 415
4620 463
4625 507
4630 547
4635 585
4640 618
4645 599
4650 550
4655 506
4660 464
4665 428
4670 394
4675 396
4680 445
4685 492
4690 533
4695 572
4700 606
4705 619
4710 567
4715 520
4720 479
4725 441
4730 405
4735 376
4740 428
4745 475
4750 519
4755 558
4760 594
4765 627
4770 584
4775 537
4780 494
4785 453
4790 418
4795 385
4800 410
4805 459
4810 503
4815 543
4820 581
4825 614
4830 605
4835 554
4840 508
4845 467
4850 430
4855 397
4860 391
4865 442
4870 487
4875 530
4880 567
4885 603
4890 626
4895 572
4900 525
4905 483
4910 443
4915 409
4920 377
4925 425
4930 472
4935 515
4940 555
4945 593
4950 625
4955 588
4960 539
4965 496
4970 457
4975 420
4980 388
4985 407
4990 456
4995 502
5000 541
5005 579
5010 614
5015 607
5020 557
5025 512
5030 470
5035 432
5040 399
5045 389
5050 439
5055 484
5060 527
5065 567
5070 602
5075 627
5080 573
5085 526
5090 484
5095 445
5100 410
5105 377
5110 423
5115 471
5120 515
5125 555
5130 592
5135 625
5140 588
5145 540
5150 495
5155 456
5160 420
5165 387
5170 408
5175 458
5180 501
5185 541
5190 579
5195 614
5200 606
5205 555
5210 509
5215 468
5220 432
5225 398
5230 390
5235 442
5240 488
5245 530
5250 567
5255 604
5260 628
5265 572
5270 524
5275 481
5280 444
5285 409
5290 376
5295 424
5300 472
5305 515
5310 557
5315 612
5320 608
5325 556
5330 510
5335 470
5340 434
5345 398
5350 390
5355 441
5360 485
5365 529
5370 565
5375 601
5380 626
5385 572
5390 525
5395 483
5400 445
5405 409
5410 377
5415 422
5420 471
5425 514
5430 553
5435 590
5440 623
5445 590
5450 542
5455 498
5460 458
5465 421
5470 390
5475 406
5480 455
5485 500
5490 539
5495 579
5500 613
5505 608
5510 557
5515 512
5520 470
5525 434
5530 399
5535 388
5540 438
5545 484
5550 527
5555 565
5560 600
5565 629
5570 575
5575 527
5580 485
5585 445
5590 412
5595 379
5600 419
5605 467
5610 511
5615 551
5620 588
5625 620
5630 593
5635 544
5640 500
5645 459
5650 423
5655 391
5660 401
5665 451
5670 495
5675 537
5680 575
5685 610
5690 611
5695 561
5700 514
5705 473
5710 435
5715 401
5720 384
5725 436
5730 481
5735 524
5740 563
5745 598
5750 631
5755 579
5760 532
5765 488
5770 450
5775 414
5780 382
5785 417
5790 464
5795 508
5800 548
5805 585
5810 617
5815 598
5820 547
5825 502
5830 464
5835 426
5840 392
5845 399
5850 449
5855 493
5860 534
5865 573
5870 614
5875 607
5880 556
5885 511
5890 470
5895 431
5900 397
5905 389
5910 442
5915 486
5920 528
5925 565
5930 601
5935 628
5940 574
5945 527
5950 486
5955 446
5960 410
5965 379
5970 421
5975 469
5980 513
5985 553
5990 588
5995 624
6000 593
6005 543
6010 498
6015 457
6020 420
6025 389
6030 407
6035 455
6040 500
6045 540
6050 579
6055 613
6060 607
6065 556
6070 490
6075 449
6080 413
6085 381
6090 416
6095 464
6100 509
6105 548
6110 585
6115 559
6120 613
6125 409
6130 402
6135 534
6140 545
6145 499
6150 455
6155 418
6160 386
6165 409
6170 459
6175 504
6180 545
6185 582
6190 617
6195 602
6200 551
6205 505
6210 464
6215 426
6220 392
6225 399
6230 450
6235 494
6240 535
6245 573
6250 608
6255 615
6260 562
6265 517
6270 475
6275 436
6280 403
6285 382
6290 434
6295 481
6300 524
6305 562
6310 597
6315 631
6320 580
6325 532
6330 487
6335 448
6340 414
6345 380
6350 417
6355 466
6360 510
6365 550
6370 586
6375 622
6380 595
6385 546
6390 500
6395 460
6400 424
6405 390
6410 401
6415 451
6420 497
6425 537
6430 575
6435 611
6440 612
6445 559
6450 513
6455 473
6460 435
6465 401
6470 383
6475 437
6480 484
6485 526
6490 563
6495 600
6500 632
6505 577
6510 529
6515 486
6520 447
6525 409
6530 378
6535 422
6540 470
6545 514
6550 550
6555 588
6560 621
6565 593
6570 544
6575 499
6580 458
6585 421
6590 389
6595 404
6600 454
6605 498
6610 539
6615 577
6620 611
6625 611
6630 559
6635 515
6640 473
6645 436
6650 401
6655 384
6660 433
6665 480
6670 523
6675 562
6680 599
6685 630
6690 579
6695 531
6700 489
6705 448
6710 412
6715 381
6720 419
6725 466
6730 510
6735 550
6740 586
6745 619
6750 597
6755 547
6760 502
6765 461
6770 425
6775 392
6780 399
6785 450
6790 494
6795 536
6800 574
6805 607
6810 615
6815 564
6820 518
6825 474
6830 402
6835 383
6840 434
6845 481
6850 523
6855 561
6860 597
6865 629
6870 580
6875 532
6880 489
6885 449
6890 413
6895 381
6900 415
6905 463
6910 507
6915 548
6920 584
6925 618
6930 599
6935 550
6940 505
6945 462
6950 426
6955 392
6960 397
6965 448
6970 494
6975 536
6980 574
6985 607
6990 618
6995 565
7000 518
7005 476
7010 438
7015 403
7020 380
7025 433
7030 479
7035 522
7040 560
7045 596
7050 629
7055 574
7060 524
7065 482
7070 445
7075 408
7080 376
7085 426
7090 474
7095 516
7100 555
7105 591
7110 626
7115 587
7120 539
7125 496
7130 456
7135 420
7140 385
7145 408
7150 457
7155 501
7160 542
7165 579
7170 615
7175 606
7180 554
7185 509
7190 462
7195 424
7200 391
7205 402
7210 451
7215 495
7220 538
7225 574
7230 610
7235 615
7240 563
7245 518
7250 474
7255 437
7260 402
7265 382
7270 433
7275 480
7280 521
7285 561
7290 598
7295 630
7300 580
7305 532
7310 489
7315 450
7320 414
7325 381
7330 417
7335 465
7340 509
7345 549
7350 585
7355 619
7360 596
7365 548
7370 503
7375 455
7380 419
7385 387
7390 409
7395 458
7400 503
7405 543
7410 580
7415 615
7420 605
7425 553
7430 508
7435 468
7440 431
7445 398
7450 390
7455 442
7460 488
7465 530
7470 568
7475 601
7480 627
7485 573
7490 526
7495 483
7500 444
7505 409
7510 376
7515 425
7520 472
7525 515
7530 554
7535 591
7540 624
7545 592
7550 534
7555 490
7560 451
7565 415
7570 381
7575 415
7580 463
7585 508
7590 563
7595 598
7600 633
7605 576
7610 530
7615 485
7620 447
7625 412
7630 379
7635 418
7640 466
7645 512
7650 550
7655 585
7660 621
7665 596
7670 547
7675 502
7680 462
7685 425
7690 391
7695 399
7700 450
7705 494
7710 535
7715 573
7720 608
7725 617
7730 563
7735 517
7740 476
7745 437
7750 403
7755 381
7760 434
7765 479
7770 522
7775 562
7780 597
7785 630
7790 582
7795 533
7800 491
7805 450
7810 414
7815 383
7820 415
7825 464
7830 507
7835 547
7840 584
7845 617
7850 600
7855 549
7860 505
7865 465
7870 425
7875 394
7880 397
7885 447
7890 493
7895 533
7900 572
7905 607
7910 619
7915 566
7920 520
7925 476
7930 439
7935 404
7940 378
7945 438
7950 485
7955 527
7960 565
7965 601
7970 628
7975 574
7980 527
7985 483
7990 445
7995 411
8000 378
8005 421
8010 470
8015 513
8020 553
8025 590
8030 623
8035 592
8040 541
8045 498
8050 458
8055 422
8060 389
8065 404
8070 453
8075 498
8080 540
8085 578
8090 612
8095 609
8100 559
8105 512
8110 470
8115 434
8120 399
8125 386
8130 438
8135 485
8140 527
8145 565
8150 600
8155 630
8160 575
8165 527
8170 485
8175 445
8180 411
8185 379
8190 422
8195 469
8200 512
8205 551
8210 590
8215 621
8220 593
8225 544
8230 499
8235 460
8240 422
8245 388
8250 404
8255 454
8260 497
8265 538
8270 576
8275 611
8280 610
8285 558
8290 514
8295 472
8300 435
8305 399
8310 386
8315 438
8320 483
8325 526
8330 565
8335 600
8340 631
8345 556
8350 510
8355 468
8360 430
8365 397
8370 391
8375 442
8380 487
8385 530
8390 570
8395 604
8400 626
8405 572
8410 526
8415 482
8420 444
8425 410
8430 376
8435 426
8440 472
8445 515
8450 554
8455 591
8460 623
8465 589
8470 540
8475 495
8480 455
8485 419
8490 386
8495 408
8500 458
8505 502
8510 543
8515 582
8520 616
8525 605
8530 588
8535 534
8540 490
8545 449
8550 414
8555 382
8560 418
8565 465
8570 509
8575 548
8580 586
8585 619
8590 599
8595 548
8600 503
8605 463
8610 425
8615 391
8620 400
8625 450
8630 493
8635 536
8640 574
8645 608
8650 617
8655 563
8660 519
8665 475
8670 437
8675 402
8680 380
8685 431
8690 479
8695 522
8700 561
8705 596
8710 629
8715 581
8720 534
8725 492
8730 453
8735 415
8740 383
8745 414
8750 461
8755 504
8760 546
8765 583
8770 618
8775 601
8780 551
8785 507
8790 466
8795 428
8800 395
8805 395
8810 445
8815 491
8820 532
8825 569
8830 606
8835 621
8840 568
8845 521
8850 479
8855 442
8860 405
8865 375
8870 427
8875 474
8880 517
8885 557
8890 592
8895 625
8900 588
8905 539
8910 496
8915 455
8920 419
8925 387
8930 407
8935 463
8940 509
8945 549
8950 585
8955 620
8960 597
8965 547
8970 501
8975 464
8980 425
8985 391
8990 398
8995 449
9000 495
9005 536
9010 574
9015 608
9020 617
9025 563
9030 516
9035 474
9040 436
9045 401
9050 384
9055 435
9060 482
9065 524
9070 562
9075 599
9080 632
9085 577
9090 529
9095 486
9100 447
9105 388
9110 404
9115 455
9120 499
9125 540
9130 578
9135 612
9140 609
9145 559
9150 514
9155 472
9160 433
9165 400
9170 385
9175 437
9180 483
9185 524
9190 564
9195 600
9200 632
9205 577
9210 530
9215 486
9220 447
9225 411
9230 379
9235 419
9240 467
9245 512
9250 551
9255 588
9260 622
9265 594
9270 545
9275 502
9280 449
9285 414
9290 380
9295 417
9300 465
9305 509
9310 550
9315 587
9320 620
9325 595
9330 545
9335 501
9340 460
9345 424
9350 391
9355 400
9360 449
9365 495
9370 538
9375 575
9380 608
9385 616
9390 563
9395 517
9400 475
9405 436
9410 403
9415 382
9420 434
9425 481
9430 529
9435 570
9440 604
9445 626
9450 571
9455 525
9460 482
9465 442
9470 407
9475 375
9480 427
9485 473
9490 516
9495 557
9500 593
9505 625
9510 587
9515 539
9520 495
9525 455
9530 420
9535 385
9540 409
9545 457
9550 502
9555 543
9560 579
9565 614
9570 605
9575 554
9580 509
9585 467
9590 430
9595 395
9600 390
9605 441
9610 490
9615 529
9620 568
9625 603
9630 625
9635 571
9640 523
9645 479
9650 441
9655 407
9660 374
9665 427
9670 474
9675 517
9680 555
9685 592
9690 627
9695 587
9700 539
9705 496
9710 456
9715 420
9720 387
9725 407
9730 458
9735 502
9740 541
9745 580
9750 614
9755 608
9760 555
9765 509
9770 470
9775 432
9780 397
9785 390
9790 441
9795 487
9800 527
9805 566
9810 601
9815 627
9820 575
9825 520
9830 477
9835 438
9840 403
9845 379
9850 431
9855 478
9860 520
9865 573
9870 608
9875 618
9880 565
9885 517
9890 477
9895 438
9900 404
9905 378
9910 431
9915 478
9920 520
9925 560
9930 595
9935 630
9940 584
9945 535
9950 492
9955 452
9960 416
9965 384
9970 412
9975 461
9980 505
9985 545
9990 583
9995 617
10000 603
10005 553
10010 505
10015 464
10020 428
10025 395
10030 396
10035 446
10040 492
10045 534
10050 571
10055 605
10060 620
10065 568
10070 520
10075 479
10080 441
10085 405
10090 375
10095 429
10100 475
10105 519
10110 557
10115 594
10120 627
10125 585
10130 538
10135 493
10140 454
10145 418
10150 385
10155 410
10160 458
10165 503
10170 544
10175 581
10180 615
10185 606
10190 554
10195 509
10200 467
10205 430
10210 396
10215 392
10220 449
10225 496
10230 537
10235 575
10240 609
10245 615
10250 563
10255 518
10260 475
10265 437
10270 402
10275 382
10280 433
10285 480
10290 522
10295 561
10300 598
10305 632
10310 580
10315 531
10320 489
10325 448
10330 413
10335 381
10340 416
10345 465
10350 508
10355 550
10360 586
10365 620
10370 597
10375 547
10380 502
10385 461
10390 424
10395 391
10400 399
10405 450
10410 495
10415 538
10420 575
10425 608
10430 616
10435 563
10440 517
10445 476
10450 438
10455 403
10460 382
10465 433
10470 480
10475 522
10480 561
10485 597
10490 631
10495 580
10500 532
10505 490
10510 450
10515 413
10520 381
10525 416
10530 465
10535 509
10540 548
10545 585
10550 619
10555 600
10560 548
10565 503
10570 461
10575 425
10580 392
10585 399
10590 449
10595 496
10600 536
10605 573
10610 608
10615 618
10620 545
10625 502
10630 460
10635 423
10640 391
10645 402
10650 451
10655 495
10660 537
10665 573
10670 609
10675 615
10680 561
10685 516
10690 475
10695 437
10700 401
10705 381
10710 433
10715 479
10720 522
10725 562
10730 597
10735 629
10740 581
10745 532
10750 490
10755 449
10760 413
10765 382
10770 416
10775 464
10780 508
10785 550
10790 587
10795 620
10800 597
10805 548
10810 504
10815 462
10820 425
10825 392
10830 398
10835 448
10840 493
10845 536
10850 575
10855 609
10860 617
10865 565
10870 518
10875 477
10880 439
10885 404
10890 378
10895 431
10900 477
10905 521
10910 560
10915 595
10920 627
10925 585
10930 536
10935 492
10940 451
10945 416
10950 384
10955 414
10960 462
10965 505
10970 546
10975 583
10980 618
10985 603
10990 552
10995 506
11000 466
11005 429
11010 395
11015 394
11020 444
11025 490
11030 532
11035 570
11040 605
11045 619
11050 566
11055 520
11060 477
11065 440
11070 405
11075 376
11080 428
11085 477
11090 519
11095 557
11100 594
11105 627
11110 575
11115 528
11120 484
11125 446
11130 409
11135 377
11140 423
11145 471
11150 514
11155 554
11160 591
11165 626
11170 590
11175 542
11180 497
11185 457
11190 420
11195 388
11200 406
11205 455
11210 500
11215 540
11220 579
11225 613
11230 607
11235 557
11240 511
11245 470
11250 432
11255 399
11260 389
11265 440
11270 485
11275 527
11280 567
11285 602
11290 628
11295 572
11300 526
11305 484
11310 444
11315 407
11320 376
11325 426
11330 472
11335 515
11340 556
11345 592
11350 625
11355 589
11360 541
11365 496
11370 456
11375 419
11380 381
11385 434
11390 481
11395 521
11400 562
11405 597
11410 630
11415 579
11420 532
11425 490
11430 449
11435 414
11440 381
11445 416
11450 463
11455 508
11460 548
11465 586
11470 619
11475 597
11480 548
11485 503
11490 463
11495 426
11500 392
11505 400
11510 449
11515 494
11520 537
11525 573
11530 608
11535 617
11540 564
11545 517
11550 475
11555 438
11560 403
11565 380
11570 432
11575 479
11580 522
11585 560
11590 598
11595 629
11600 583
11605 528
11610 483
11615 444
11620 410
11625 377
11630 423
11635 471
11640 515
11645 553
11650 590
11655 623
11660 591
11665 541
11670 498
11675 458
11680 421
11685 387
11690 406
11695 455
11700 499
11705 540
11710 579
11715 613
11720 609
11725 557
11730 511
11735 470
11740 434
11745 399
11750 387
11755 438
11760 484
11765 526
11770 566
11775 601
11780 629
11785 573
11790 528
11795 485
11800 446
11805 409
11810 378
11815 421
11820 470
11825 514
11830 553
11835 590
11840 623
11845 592
11850 543
11855 499
11860 458
11865 421
11870 390
11875 403
11880 454
11885 498
11890 537
11895 578
11900 610
11905 611
11910 561
11915 515
11920 472
11925 435
11930 400
11935 384
11940 436
11945 483
11950 525
11955 563
11960 599
11965 630
11970 577
11975 529
11980 486
11985 448
11990 412
11995 380
12000 417
12005 467
12010 511
12015 550
12020 587
12025 619
12030 596
12035 546
12040 502
12045 461
12050 424
12055 390
12060 401
12065 451
12070 496
12075 537
12080 576
12085 609
12090 616
12095 563
12100 512
12105 468
12110 430
12115 398
12120 390
12125 442
12130 488
12135 530
12140 579
12145 613
12150 609
12155 637
12160 568
12165 426
12170 534
12175 417
12180 486
12185 438
12190 401
12195 386
12200 439
12205 485
12210 528
12215 566
12220 601
12225 631
12230 577
12235 527
12240 484
12245 445
12250 409
12255 378
12260 422
12265 470
12270 515
12275 554
12280 590
12285 623
12290 590
12295 541
12300 498
12305 457
12310 420
12315 387
12320 408
12325 457
12330 501
12335 541
12340 579
12345 613
12350 608
12355 556
12360 511
12365 469
12370 431
12375 398
12380 390
12385 442
12390 486
12395 529
12400 566
12405 603
12410 626
12415 573
12420 525
12425 484
12430 446
12435 409
12440 378
12445 423
12450 469
12455 513
12460 553
12465 590
12470 622
12475 591
12480 543
12485 500
12490 457
12495 421
12500 388
12505 404
12510 453
12515 498
12520 540
12525 578
12530 611
12535 611
12540 559
12545 513
12550 473
12555 435
12560 400
12565 384
12570 435
12575 481
12580 526
12585 563
12590 599
12595 632
12600 579
12605 531
12610 488
12615 450
12620 413
12625 382
12630 416
12635 463
12640 508
12645 548
12650 586
12655 619
12660 600
12665 548
12670 504
12675 460
12680 423
12685 389
12690 402
12695 452
12700 497
12705 540
12710 576
12715 612
12720 612
12725 561
12730 514
12735 473
12740 436
12745 400
12750 382
12755 436
12760 483
12765 524
12770 561
12775 597
12780 633
12785 577
12790 530
12795 488
12800 448
12805 413
12810 380
12815 417
12820 465
12825 510
12830 549
12835 585
12840 620
12845 597
12850 547
12855 503
12860 462
12865 424
12870 391
12875 400
12880 450
12885 495
12890 535
12895 573
12900 615
12905 562
12910 516
12915 476
12920 428
12925 394
12930 393
12935 445
12940 491
12945 531
12950 570
12955 605
12960 622
12965 570
12970 522
12975 480
12980 442
12985 407
12990 375
12995 426
13000 474
13005 518
13010 556
13015 592
13020 624
13025 590
13030 542
13035 498
13040 458
13045 420
13050 388
13055 407
13060 456
13065 499
13070 542
13075 579
13080 614
13085 610
13090 560
13095 514
13100 471
13105 422
13110 390
13115 403
13120 453
13125 497
13130 539
13135 577
13140 611
13145 611
13150 560
13155 516
13160 472
13165 435
13170 402
13175 384
13180 435
13185 481
13190 524
13195 564
13200 600
13205 631
13210 580
13215 531
13220 488
13225 449
13230 414
13235 381
13240 416
13245 463
13250 508
13255 547
13260 584
13265 619
13270 602
13275 609
13280 565
13285 518
13290 461
13295 423
13300 405
13305 386
13310 436
13315 483
13320 525
13325 563
13330 600
13335 632
13340 577
13345 529
13350 487
13355 448
13360 412
13365 379
13370 419
13375 467
13380 511
13385 558
13390 593
13395 627
13400 585
13405 536
13410 493
13415 451
13420 415
13425 383
13430 413
13435 461
13440 505
13445 545
13450 584
13455 617
13460 603
13465 552
13470 507
13475 465
13480 427
13485 395
13490 393
13495 445
13500 489
13505 532
13510 571
13515 605
13520 622
13525 569
13530 522
13535 481
13540 443
13545 407
13550 376
13555 424
13560 473
13565 516
13570 556
13575 591
13580 624
13585 589
13590 541
13595 496
13600 455
13605 419
13610 388
13615 406
13620 456
13625 501
13630 541
13635 579
13640 614
13645 610
13650 557
13655 485
13660 447
13665 412
13670 378
13675 419
13680 468
13685 510
13690 551
13695 586
13700 620
13705 598
13710 548
13715 503
13720 463
13725 425
13730 392
13735 397
13740 450
13745 494
13750 535
13755 572
13760 608
13765 619
13770 565
13775 519
13780 471
13785 434
13790 397
13795 387
13800 441
13805 487
13810 529
13815 567
13820 602
13825 627
13830 575
13835 527
13840 483
13845 444
13850 408
13855 376
13860 423
13865 470
13870 515
13875 554
13880 591
13885 624
13890 589
13895 541
13900 497
13905 458
13910 422
13915 388
13920 406
13925 455
13930 500
13935 540
13940 578
13945 612
13950 610
13955 558
13960 513
13965 472
13970 434
13975 399
13980 388
13985 438
13990 485
13995 525
14000 565
14005 602
14010 630
14015 575
14020 528
14025 483
14030 445
14035 410
14040 378
14045 422
14050 470
14055 514
14060 552
14065 590
14070 622
14075 594
14080 545
14085 500
14090 459
14095 422
14100 388
14105 402
14110 452
14115 496
14120 537
14125 575
14130 611
14135 613
14140 563
14145 515
14150 474
14155 435
14160 402
14165 381
14170 433
14175 480
14180 522
14185 561
14190 596
14195 631
14200 581
14205 533
14210 488
14215 450
14220 415
14225 381
14230 414
14235 463
14240 507
14245 547
14250 584
14255 617
14260 601
14265 483
14270 441
14275 405
14280 377
14285 430
14290 477
14295 520
14300 561
14305 595
14310 630
14315 583
14320 534
14325 490
14330 451
14335 415
14340 383
14345 415
14350 462
14355 508
14360 546
14365 585
14370 619
14375 600
14380 549
14385 506
14390 464
14395 426
14400 392
14405 400
14410 450
14415 519
14420 560
14425 595
14430 628
14435 585
14440 537
14445 492
14450 452
14455 416
14460 382
14465 413
14470 460
14475 506
14480 545
14485 584
14490 617
14495 601
14500 551
14505 498
14510 458
14515 419
14520 388
14525 405
14530 456
14535 500
14540 541
14545 577
14550 613
14555 610
14560 558
14565 512
14570 471
14575 433
14580 398
14585 388
14590 439
14595 486
14600 526
14605 566
14610 602
14615 629
14620 573
14625 526
14630 485
14635 444
14640 409
14645 377
14650 423
14655 469
14660 514
14665 554
14670 596
14675 628
14680 581
14685 534
14690 489
14695 449
14700 414
14705 381
14710 415
14715 463
14720 507
14725 548
14730 584
14735 619
14740 600
14745 550
14750 505
14755 465
14760 427
14765 393
14770 396
14775 445
14780 491
14785 533
14790 572
14795 606
14800 621
14805 567
14810 521
14815 478
14820 440
14825 406
14830 377
14835 429
14840 476
14845 519
14850 558
14855 594
14860 627
14865 585
14870 536
14875 491
14880 452
14885 416
14890 384
14895 412
14900 460
14905 505
14910 544
14915 582
14920 616
14925 604
14930 553
14935 508
14940 467
14945 430
14950 396
14955 392
14960 442
14965 490
14970 530
14975 568
14980 604
14985 627
14990 571
14995 524
15000 481
15005 443
15010 409
15015 375
15020 425
15025 472
15030 515
15035 554
15040 591
15045 625
15050 592
15055 542
15060 498
15065 455
15070 417
15075 386
15080 410
15085 458
15090 503
15095 543
15100 582
15105 616
15110 605
15115 554
15120 510
15125 468
15130 431
15135 396
15140 390
15145 440
15150 487
15155 529
15160 567
15165 603
15170 627
15175 556
15180 510
15185 470
15190 429
15195 397
15200 391
15205 441
15210 489
15215 531
15220 568
15225 603
15230 623
15235 571
15240 523
15245 480
15250 441
15255 406
15260 375
15265 427
15270 473
15275 517
15280 558
15285 592
15290 626
15295 588
15300 538
15305 495
15310 455
15315 418
15320 387
15325 408
15330 458
15335 501
15340 544
15345 579
15350 613
15355 606
15360 556
15365 509
15370 467
15375 430
15380 398
15385 391
15390 441
15395 488
15400 529
15405 568
15410 604
15415 627
15420 573
15425 525
15430 481
15435 443
15440 408
15445 376
15450 424
15455 472
15460 515
15465 555
15470 592
15475 623
15480 589
15485 541
15490 496
15495 457
15500 420
15505 388
15510 405
15515 455
15520 499
15525 542
15530 578
15535 614
15540 609
15545 558
15550 511
15555 470
15560 427
15565 393
15570 396
15575 448
15580 494
15585 534
15590 573
15595 607
15600 617
15605 564
15610 519
15615 475
15620 437
15625 403
15630 381
15635 433
15640 479
15645 521
15650 559
15655 596
15660 630
15665 581
15670 533
15675 489
15680 451
15685 414
15690 381
15695 414
15700 463
15705 507
15710 548
15715 585
15720 619
15725 601
15730 551
15735 506
15740 464
15745 427
15750 394
15755 395
15760 446
15765 491
15770 534
15775 571
15780 606
15785 622
15790 567
15795 520
15800 478
15805 439
15810 404
15815 378
15820 430
15825 476
15830 519
15835 558
15840 593
15845 627
15850 585
15855 536
15860 491
15865 452
15870 417
15875 385
15880 412
15885 460
15890 505
15895 544
15900 581
15905 616
15910 604
15915 554
15920 508
15925 468
15930 420
15935 386
15940 406
15945 458
15950 502
15955 542
15960 577
15965 614
15970 608
15975 557
15980 511
15985 470
15990 431
15995 398
16000 389
16005 441
16010 487
16015 530
16020 567
16025 602
16030 628
16035 573
16040 526
16045 484
16050 445
16055 404
16060 376
16065 430
16070 477
16075 520
16080 558
16085 595
16090 627
16095 584
16100 536
16105 491
16110 453
16115 418
16120 385
16125 411
16130 459
16135 504
16140 544
16145 581
16150 616
16155 606
16160 553
16165 509
16170 467
16175 429
16180 396
16185 391
16190 443
16195 488
16200 530
16205 570
16210 604
16215 626
16220 572
16225 526
16230 481
16235 443
16240 410
16245 377
16250 424
16255 471
16260 514
16265 555
16270 591
16275 622
16280 591
16285 542
16290 498
16295 457
16300 420
16305 388
16310 405
16315 454
16320 499
16325 541
16330 578
16335 613
16340 610
16345 559
16350 512
16355 463
16360 427
16365 393
16370 398
16375 447
16380 492
16385 535
16390 572
16395 607
16400 617
16405 565
16410 519
16415 477
16420 439
16425 406
16430 376
16435 429
16440 475
16445 518
16450 558
16455 594
16460 628
16465 586
16470 537
16475 494
16480 453
16485 418
16490 385
16495 410
16500 459
16505 503
16510 543
16515 581
16520 616
16525 606
16530 554
16535 510
16540 461
16545 424
16550 385
16555 409
16560 459
16565 503
16570 544
16575 581
16580 616
16585 605
16590 554
16595 508
16600 468
16605 429
16610 396
16615 391
16620 443
16625 488
16630 530
16635 568
16640 604
16645 624
16650 571
16655 524
16660 481
16665 442
16670 407
16675 376
16680 426
16685 
