20.48  67.06
20.47  67.11
20.45  67.18
20.46  67.13
20.44  71.36
20.41  70.34
20.40  70.23
20.40  70.26
20.39  70.36
20.37  73.87
20.35  72.80
20.36  72.71
20.35  72.15
20.35  71.90
20.36  71.82
20.36  71.89
20.35  71.99
20.35  72.03
20.35  72.00
20.34  72.00
20.34  72.08
20.33  72.14
20.34  72.23
20.33  72.26
20.32  72.36
20.32  72.35
20.32  72.52
20.31  72.75
20.31  73.07
20.31  73.54
20.32  73.54
20.30  73.39
20.30  73.29
20.29  73.17
20.29  73.12
20.30  73.15
20.29  73.26
20.29  73.48
20.28  73.52
20.28  73.51
20.27  73.63
20.27  73.75
20.26  73.85
20.26  73.95
20.26  74.04
20.26  74.17
20.25  74.24
20.25  74.29
20.25  74.38
20.25  74.38
20.24  74.42
20.23  74.45
20.23  74.76
20.23  74.84
20.23  74.90
20.22  75.01
20.23  75.09
20.22  75.08
20.21  75.14
20.22  75.09
20.22  75.02
20.21  74.92
20.21  74.95
20.22  74.93
20.21  74.94
20.22  75.19
20.21  75.43
20.21  75.51
20.21  75.68
20.20  75.86
20.20  76.02
20.21  76.14
20.20  76.23
20.20  76.31
20.20  76.25
20.21  76.19
20.22  76.19
20.24  76.29
20.25  76.10
20.23  75.85
20.23  75.93
20.22  76.10
20.22  76.15
20.22  76.23
20.21  76.20
20.22  76.28
20.21  76.30
20.21  76.34
20.20  76.38
20.21  76.19
20.22  76.51
20.21  76.52
20.21  76.44
20.20  76.72
20.19  76.80
20.20  76.81
20.19  76.73
20.17  76.09
20.17  75.49
20.16  74.87
20.16  74.45
20.16  74.19
20.16  73.75
20.15  73.45
20.14  72.96
20.13  72.67
20.11  72.59
20.11  71.81
20.11  71.51
20.11  71.00
20.10  71.07
20.09  70.95
20.08  70.78
20.08  70.62
20.08  70.40
20.07  70.26
20.06  70.09
20.07  69.96
20.06  70.02
20.05  69.82
20.05  69.73
20.05  69.65
20.05  69.54
20.05  69.41
20.04  69.19
20.03  69.11
20.03  69.11
20.02  69.22
20.02  68.93
20.01  68.93
20.01  68.84
20.01  68.65
20.01  68.87
20.00  68.86
20.00  68.85
19.99  68.85
19.99  68.87
19.99  68.94
19.99  68.85
19.99  68.91
19.99  68.86
19.99  68.58
19.99  68.45
19.98  68.45
19.97  68.26
19.98  68.44
19.97  68.55
19.97  68.58
19.97  68.45
19.96  68.46
19.97  68.37
19.96  68.26
19.96  68.29
19.96  68.30
19.96  68.37
19.96  68.55
19.95  68.60
19.96  68.34
19.94  68.51
19.94  68.56
19.93  68.53
19.94  68.53
19.93  68.55
19.94  68.61
19.95  68.64
19.94  68.75
19.94  68.59
19.93  68.61
19.94  68.71
19.93  68.67
19.92  68.55
19.92  68.56
19.91  68.64
19.91  68.66
19.91  68.60
19.91  68.60
19.90  68.51
19.91  68.57
19.91  68.70
19.91  68.77
19.90  68.82
19.91  68.77
19.90  68.75
19.90  68.79
19.90  68.80
19.90  68.77
19.90  68.84
19.90  68.81
19.90  68.75
19.89  68.66
19.89  68.71
19.90  68.68
19.89  68.77
19.90  68.75
19.89  68.81
19.89  68.85
19.89  68.68
19.90  68.69
19.89  68.57
19.89  68.55
19.90  68.53
19.89  68.54
19.90  68.62
19.91  68.57
19.90  68.54
19.90  68.46
19.90  68.49
19.90  68.57
19.90  68.49
19.90  68.57
19.90  68.61
19.90  68.60
19.90  68.57
19.89  68.58
19.89  68.62
19.89  68.73
19.89  68.76
19.89  68.77
19.88  68.79
19.90  68.82
19.89  68.74
19.89  68.75
19.89  68.78
19.89  68.80
19.89  68.85
19.88  68.82
19.88  68.86
19.88  68.90
19.87  69.02
19.87  68.86
19.87  68.97
19.86  68.92
19.86  68.84
19.85  68.64
19.86  68.62
19.85  68.60
19.87  68.69
19.86  68.70
19.86  68.69
19.87  68.71
19.86  68.55
19.86  68.45
19.86  68.40
19.86  68.51
19.86  68.52
19.86  68.44
19.86  68.48
19.86  68.60
19.86  68.61
19.86  68.51
19.86  68.42
19.86  68.35
19.85  68.32
19.85  68.25
19.85  68.17
19.86  68.11
19.85  68.11
19.85  68.05
19.85  68.04
19.86  68.13
19.85  68.16
19.85  68.11
19.85  68.07
19.85  67.97
19.84  68.00
19.86  68.17
19.84  68.25
19.85  68.32
19.85  68.39
19.86  68.41
19.86  68.31
19.85  68.26
19.86  68.30
19.85  68.31
19.85  68.38
19.85  68.47
19.85  68.55
19.84  68.56
19.85  68.48
19.85  68.54
19.85  68.52
19.84  68.35
19.84  68.30
19.84  68.24
19.84  68.22
19.83  68.30
19.83  68.28
19.84  68.25
19.84  68.21
19.84  68.24
19.83  68.23
19.85  68.24
19.84  68.34
19.85  68.60
19.84  69.12
19.84  69.15
19.84  69.28
19.84  69.66
19.85  69.78
19.84  69.77
19.84  69.66
19.83  69.56
19.85  69.54
19.85  69.45
19.85  69.39
19.85  69.36
19.84  69.36
19.85  69.37
19.85  69.31
19.84  69.24
19.84  69.19
19.84  69.15
19.84  69.11
19.83  69.04
19.84  69.02
19.83  69.01
19.83  69.02
19.83  69.07
19.83  69.11
19.84  69.15
19.83  69.14
19.85  69.13
19.84  69.14
19.84  69.17
19.83  69.21
19.83  69.21
19.83  69.22
19.83  69.25
19.83  69.24
19.83  69.22
19.83  69.20
19.83  69.24
19.83  69.21
19.82  69.29
19.82  69.22
19.83  69.17
19.83  69.14
19.82  69.15
19.83  69.11
19.82  69.19
19.81  69.23
19.82  69.30
19.83  69.39
19.83  69.45
19.83  69.48
19.83  69.52
19.83  69.44
19.83  69.29
19.82  69.22
19.82  69.23
19.82  69.31
19.83  69.32
19.83  69.39
19.82  69.45
19.83  69.42
19.82  69.11
19.82  69.07
19.82  69.04
19.81  69.12
19.82  69.13
19.81  69.19
19.81  69.21
19.82  69.22
19.81  69.12
19.81  69.10
19.81  69.12
19.81  69.12
19.81  69.18
19.80  69.19
19.81  69.13
19.81  69.10
19.81  69.08
19.80  69.03
19.80  69.05
19.81  69.11
19.80  69.14
19.81  69.23
19.80  69.35
19.81  69.45
19.80  69.47
19.80  69.54
19.81  69.64
19.80  69.71
19.81  69.76
19.80  69.77
19.81  69.75
19.80  69.70
19.81  69.62
19.80  69.56
19.81  69.55
19.82  69.57
19.81  69.57
19.81  69.57
19.81  69.58
19.81  69.68
19.81  69.61
19.82  69.62
19.81  69.80
19.81  69.87
19.81  69.91
19.82  69.96
19.82  69.97
19.82  69.98
19.82  69.93
19.82  69.95
19.82  69.99
19.82  70.03
19.83  70.39
19.83  70.43
19.84  70.42
19.82  70.39
19.83  70.36
19.83  70.36
19.84  70.34
19.84  70.27
19.83  70.17
19.83  70.11
19.83  70.09
19.83  70.03
19.83  69.93
19.83  69.90
19.82  69.98
19.82  69.94
19.83  69.87
19.82  69.83
19.82  69.85
19.82  69.89
19.81  69.95
19.82  69.90
19.82  69.90
19.82  69.86
19.82  69.81
19.82  69.72
19.81  69.78
19.82  69.73
19.81  69.76
19.82  69.69
19.81  69.59
19.81  69.59
19.81  69.61
19.81  69.58
19.81  69.66
19.82  69.67
19.81  69.70
19.80  69.66
19.81  69.64
19.79  69.58
19.79  69.50
19.80  69.50
19.80  69.54
19.80  69.53
19.80  69.54
19.79  69.55
19.79  69.47
19.78  69.39
19.79  69.32
19.78  69.30
19.79  69.29
19.79  69.29
19.78  69.28
19.78  69.27
19.79  69.30
19.78  69.26
19.78  69.22
19.78  69.19
19.79  69.18
19.78  69.27
19.77  69.36
19.77  69.41
19.78  69.41
19.77  69.42
19.78  69.40
19.77  69.30
19.77  69.27
19.77  69.28
19.77  69.29
19.77  69.33
19.77  69.33
19.77  69.35
19.78  69.31
19.77  69.24
19.78  69.14
19.77  69.06
19.77  69.17
19.77  69.16
19.77  69.17
19.77  69.16
19.77  69.22
19.77  69.30
19.78  69.30
19.78  69.28
19.77  69.28
19.77  69.26
19.77  69.24
19.78  69.26
19.78  69.20
19.76  69.13
19.78  69.17
19.77  69.23
19.78  69.27
19.78  69.24
19.77  69.25
19.78  69.31
19.78  69.27
19.78  69.26
19.78  69.31
19.78  69.31
19.77  69.34
19.78  69.35
19.78  69.31
19.78  69.23
19.78  69.14
19.78  69.12
19.78  69.12
19.78  69.11
19.79  69.14
19.78  69.19
19.78  69.20
19.78  69.21
19.79  69.25
19.79  69.29
19.78  69.32
19.78  69.34
19.79  69.43
19.78  69.45
19.78  69.49
19.78  69.52
19.77  69.58
19.78  69.79
19.78  69.92
19.77  69.93
19.79  69.86
19.79  69.76
19.78  69.76
19.78  69.70
19.77  69.68
19.78  69.62
19.78  69.51
19.77  69.38
19.78  69.34
19.77  69.37
19.78  69.41
19.78  69.47
19.77  69.51
19.78  69.51
19.77  69.53
19.78  69.50
19.77  69.47
19.76  69.47
19.77  69.43
19.78  69.42
19.77  69.39
19.77  69.36
19.77  69.33
19.77  69.31
19.77  69.24
19.77  69.30
19.76  69.30
19.76  69.32
19.76  69.25
19.76  69.20
19.75  69.28
19.75  69.33
19.75  69.32
19.75  69.34
19.75  69.32
19.75  69.35
19.76  69.35
19.76  69.35
19.76  69.29
19.75  69.27
19.75  69.21
19.75  69.15
19.73  69.17
19.74  69.15
19.73  69.14
19.73  69.15
19.75  69.11
19.75  69.08
19.73  69.08
19.74  69.07
19.74  69.02
19.75  69.00
19.75  68.99
19.73  68.92
19.73  68.89
19.73  68.94
19.73  68.93
19.74  68.96
19.73  69.06
19.74  69.14
19.73  69.07
19.73  68.99
19.73  68.95
19.73  68.95
19.72  68.99
19.72  69.01
19.72  69.02
19.72  69.03
19.73  69.06
19.73  69.10
19.72  69.12
19.72  69.12
19.73  69.12
19.73  69.04
19.74  68.90
19.73  68.88
19.73  68.92
19.73  68.95
19.73  68.99
19.73  68.97
19.73  68.94
19.72  68.95
19.73  68.99
19.72  68.96
19.72  68.97
19.73  69.01
19.73  69.07
19.72  69.04
19.74  69.03
19.73  69.02
19.73  68.93
19.73  68.89
19.73  68.92
19.73  68.85
19.74  68.87
19.72  68.91
19.73  68.92
19.72  68.91
19.72  68.82
19.72  68.78
19.72  68.81
19.72  68.82
19.72  68.85
19.71  68.86
19.72  68.91
19.72  68.94
19.73  69.02
19.73  68.99
19.73  68.97
19.73  68.95
19.72  68.85
19.73  68.85
19.72  68.85
19.72  68.91
19.72  68.90
19.72  68.92
19.71  68.94
19.72  68.98
19.71  68.98
19.72  68.93
19.73  68.92
19.73  68.94
19.73  69.01
19.72  68.99
19.73  68.98
19.73  68.97
19.73  68.97
19.74  68.91
19.72  68.88
19.73  68.91
19.73  68.91
19.73  68.95
19.72  68.95
19.72  68.91
19.72  68.91
19.71  68.92
19.71  68.95
19.71  68.92
19.70  68.91
19.72  68.89
19.71  68.92
19.71  68.96
19.71  69.01
19.71  69.03
19.72  69.07
19.71  69.03
19.71  69.03
19.71  69.10
19.72  69.06
19.70  69.02
19.71  69.05
19.71  69.08
19.71  69.09
19.71  69.03
19.71  69.03
19.71  69.04
19.71  69.05
19.70  69.07
19.71  69.09
19.71  69.08
19.71  69.06
19.71  69.01
19.72  69.05
19.72  69.06
19.72  69.04
19.72  69.09
19.72  69.05
19.72  69.05
19.72  69.02
19.72  69.01
19.72  69.03
19.71  69.08
19.71  69.05
19.72  69.04
19.72  69.08
19.70  69.07
19.71  69.09
19.71  69.10
19.71  69.09
19.70  69.10
19.72  69.12
19.71  69.13
19.71  69.00
19.70  68.90
19.70  68.89
19.70  68.89
19.70  68.93
19.70  68.96
19.70  69.00
19.71  69.03
19.72  69.03
19.72  69.03
19.71  69.01
19.71  69.00
19.71  68.99
19.71  68.99
19.71  69.03
19.70  69.04
19.70  69.02
19.70  68.99
19.70  68.99
19.70  69.02
19.69  69.01
19.69  68.99
19.70  69.00
19.69  68.97
19.69  69.04
19.70  69.07
19.70  69.08
19.69  69.00
19.70  68.95
19.70  68.98
19.69  69.00
19.69  69.04
19.70  69.09
19.69  69.06
19.69  69.05
19.70  69.03
19.69  69.07
19.70  69.09
19.69  69.13
19.70  69.12
19.69  69.11
19.70  69.11
19.70  69.14
19.70  69.12
19.70  69.05
19.69  69.00
19.69  68.98
19.69  69.00
19.70  69.02
19.69  68.99
19.70  69.00
19.70  69.02
19.70  69.06
19.71  69.08
19.70  69.09
19.71  69.10
19.71  69.06
19.71  69.02
19.71  68.98
19.71  69.00
19.71  68.96
19.71  68.99
19.71  68.98
19.71  69.02
19.71  69.03
19.72  69.06
19.71  69.08
19.72  69.71
19.73  69.70
19.72  69.69
19.73  69.71
19.72  69.67
19.75  69.71
19.73  69.77
19.75  69.87
19.75  69.94
19.76  70.01
19.77  70.05
19.76  70.03
19.76  70.07
19.76  70.13
19.76  70.17
19.77  70.19
19.78  70.17
19.78  70.19
19.79  70.18
19.79  70.15
19.79  70.06
19.79  70.05
19.79  70.01
19.78  69.98
19.79  69.96
19.79  69.99
19.79  69.98
19.80  69.94
19.79  69.91
19.80  69.88
19.80  69.87
19.80  69.87
19.79  69.85
19.80  69.85
19.80  69.85
19.80  70.02
19.80  70.06
19.79  70.05
19.80  70.03
19.80  69.99
19.80  70.07
19.80  70.09
19.81  70.09
19.81  70.09
19.80  70.09
19.81  70.09
19.81  70.08
19.81  70.06
19.81  69.96
19.80  69.92
19.80  69.83
19.79  69.84
19.80  69.80
19.79  69.69
19.80  69.62
19.80  69.58
19.80  69.54
19.80  69.62
19.81  69.70
19.80  69.74
19.80  69.78
19.80  69.79
19.80  69.82
19.79  69.80
19.80  69.77
19.80  69.74
19.80  69.74
19.80  69.72
19.79  69.68
19.79  69.65
19.79  69.58
19.79  69.58
19.80  69.61
19.79  69.62
19.79  69.65
19.79  69.61
19.79  69.53
19.80  69.51
19.79  69.49
19.80  69.56
19.80  69.58
19.80  69.56
19.80  69.49
19.79  69.43
19.79  69.48
19.80  69.53
19.80  69.55
19.79  69.61
19.78  69.52
19.79  69.45
19.79  69.52
19.78  69.57
19.78  69.58
19.79  69.47
19.78  69.37
19.79  69.30
19.79  69.29
19.80  69.32
19.79  69.18
19.78  69.14
19.77  69.17
19.78  69.18
19.79  69.20
19.79  69.20
19.79  69.20
19.78  69.19
19.77  69.17
19.78  69.18
19.78  69.23
19.77  69.17
19.76  69.10
19.76  69.01
19.76  69.00
19.76  69.06
19.76  69.10
19.77  69.10
19.76  69.11
19.77  69.08
19.76  69.09
19.75  69.04
19.76  69.00
19.75  68.95
19.75  68.94
19.74  68.96
19.75  68.97
19.73  68.97
19.75  68.98
19.74  68.98
19.74  69.01
19.73  68.99
19.73  68.95
19.72  68.85
19.72  68.90
19.73  68.90
19.71  68.86
19.73  68.91
19.72  68.99
19.72  68.98
19.71  68.98
19.71  68.99
19.73  68.92
19.72  68.89
19.72  68.89
19.71  68.88
19.71  68.82
19.72  68.83
19.72  68.81
19.72  68.81
19.72  68.83
19.70  68.84
19.71  68.88
19.71  68.87
19.72  68.88
19.72  68.87
19.70  68.86
19.71  68.81
19.71  68.83
19.71  68.84
19.71  68.88
19.71  68.92
19.70  68.94
19.71  68.90
19.70  68.86
19.71  68.88
19.71  68.85
19.72  68.83
19.71  68.79
19.71  68.81
19.72  68.83
19.71  68.85
19.72  68.86
19.71  68.84
19.71  68.79
19.72  68.81
19.72  68.81
19.70  68.81
19.70  68.83
19.70  68.84
19.71  68.85
19.71  68.85
19.71  68.84
19.70  68.92
19.70  68.95
19.70  68.81
19.71  68.74
19.70  68.76
19.69  68.80
19.70  68.81
19.70  68.81
19.70  68.80
19.70  68.81
19.70  68.81
19.70  68.82
19.70  68.77
19.70  68.75
19.70  68.71
19.69  68.69
19.69  68.69
19.70  68.75
19.69  68.78
19.69  68.78
19.69  68.76
19.69  68.77
19.69  68.78
19.69  68.81
19.69  68.82
19.70  68.75
19.69  68.74
19.70  68.75
19.69  68.75
19.70  68.78
19.70  68.81
19.69  68.78
19.69  68.79
19.69  68.71
19.69  68.66
19.69  68.64
19.68  68.65
19.68  68.68
19.68  68.66
19.68  68.66
19.69  68.67
19.69  68.70
19.68  68.72
19.68  68.75
19.68  68.79
19.68  68.77
19.68  68.73
19.69  68.69
19.68  68.69
19.68  68.69
19.68  68.72
19.69  68.72
19.68  68.66
19.68  68.66
19.68  68.70
19.68  68.75
19.68  68.75
19.68  68.71
19.68  68.72
19.68  68.76
19.67  68.77
19.68  68.73
19.67  68.74
19.68  68.73
19.67  68.74
19.68  68.71
19.68  68.70
19.67  68.72
19.68  68.73
19.67  68.73
19.68  68.75
19.68  68.69
19.67  68.63
19.67  68.59
19.67  68.56
19.67  68.58
19.67  68.66
19.67  68.69
19.66  68.67
19.67  68.67
19.67  68.70
19.68  68.72
19.67  68.72
19.67  68.70
19.67  68.68
19.66  68.67
19.67  68.70
19.68  68.71
19.67  68.72
19.68  68.71
19.68  68.70
19.68  68.66
19.68  68.61
19.68  68.59
19.67  68.60
19.68  68.61
19.68  68.61
19.67  68.62
19.66  68.66
19.67  68.70
19.67  68.70
19.67  68.64
19.67  68.62
19.68  68.60
19.68  68.62
19.67  68.63
19.67  68.66
19.68  68.65
19.68  68.64
19.67  68.66
19.68  68.66
19.67  68.64
19.67  68.62
19.67  68.65
19.67  68.61
19.68  68.63
19.69  68.62
19.67  68.60
19.68  68.58
19.67  68.59
19.67  68.60
19.67  68.59
19.67  68.59
19.67  68.59
19.68  68.59
19.67  68.59
19.66  68.56
19.66  68.49
19.66  68.48
19.65  68.49
19.66  68.50
19.65  68.49
19.65  68.52
19.65  68.50
19.66  68.53
19.67  68.56
19.65  68.57
19.67  68.59
19.66  68.60
19.67  68.54
19.66  68.52
19.66  68.52
19.66  68.57
19.67  68.56
19.66  68.56
19.66  68.57
19.65  68.55
19.65  68.56
19.65  68.57
19.66  68.57
19.65  68.55
19.66  68.57
19.67  68.56
19.65  68.54
19.65  68.53
19.65  68.52
19.65  68.54
19.65  68.57
19.65  68.59
19.65  68.58
19.65  68.60
19.65  68.61
19.64  68.60
19.65  68.63
19.65  68.63
19.65  68.59
19.64  68.56
19.65  68.57
19.64  68.57
19.65  68.60
19.65  68.55
19.66  68.54
19.66  68.52
19.64  68.45
19.65  68.45
19.66  68.49
19.65  68.53
19.65  68.54
19.66  68.53
19.65  68.50
19.65  68.47
19.65  68.43
19.67  68.46
19.67  68.46
19.65  68.43
19.66  68.44
19.65  68.41
19.64  68.42
19.65  68.43
19.65  68.44
19.65  68.42
19.66  68.42
19.64  68.44
19.65  68.46
19.66  68.45
19.66  68.43
19.66  68.43
19.65  68.43
19.65  68.43
19.65  68.42
19.65  68.45
19.65  68.44
19.65  68.44
19.65  68.43
19.65  68.46
19.64  68.47
19.65  68.47
19.64  68.47
19.64  68.42
19.65  68.39
19.65  68.39
19.65  68.42
19.65  68.43
19.65  68.46
19.63  68.46
19.64  68.45
19.64  68.44
19.64  68.42
19.63  68.42
19.64  68.43
19.65  68.45
19.65  68.46
19.63  68.44
19.64  68.40
19.64  68.40
19.64  68.37
19.64  68.39
19.64  68.42
19.64  68.39
19.63  68.43
19.63  68.43
19.63  68.44
19.63  68.45
19.63  68.44
19.64  68.41
19.63  68.36
19.64  68.36
19.63  68.36
19.64  68.39
19.64  68.43
19.64  68.43
19.63  68.42
19.63  68.37
19.63  68.39
19.64  68.38
19.64  68.36
19.63  68.36
19.64  68.36
19.63  68.39
19.64  68.38
19.64  68.38
19.64  68.37
19.64  68.36
19.63  68.35
19.63  68.37
19.63  68.40
19.64  68.43
19.63  68.38
19.63  68.37
19.64  68.36
19.63  68.38
19.64  68.35
19.64  68.32
19.64  68.33
19.64  68.33
19.64  68.33
19.63  68.35
19.64  68.37
19.64  68.42
19.64  68.43
19.64  68.42
19.64  68.40
19.63  68.36
19.63  68.34
19.62  68.32
19.63  68.31
19.63  68.32
19.63  68.33
19.64  68.37
19.63  68.37
19.64  68.37
19.64  68.34
19.64  68.33
19.63  68.32
19.64  68.32
19.63  68.32
19.63  68.33
19.64  68.35
19.63  68.35
19.63  68.33
19.63  68.33
19.64  68.34
19.63  68.36
19.64  68.34
19.64  68.33
19.64  68.30
19.63  68.30
19.63  68.31
19.63  68.29
19.63  68.29
19.63  68.31
19.63  68.30
19.63  68.29
19.63  68.30
19.63  68.26
19.63  68.26
19.62  68.27
19.63  68.28
19.63  68.26
19.62  68.27
19.62  68.27
19.62  68.27
19.62  68.26
19.62  68.24
19.62  68.27
19.62  68.28
19.62  68.30
19.62  68.31
19.62  68.31
19.62  68.30
19.62  68.29
19.63  68.27
19.62  68.25
19.62  68.23
19.61  68.24
19.61  68.25
19.62  68.26
19.62  68.22
19.62  68.23
19.62  68.20
19.61  68.24
19.62  68.29
19.61  68.26
19.62  68.26
19.61  68.23
19.61  68.24
19.62  68.26
19.61  68.29
19.61  68.30
19.61  68.30
19.62  68.29
19.62  68.25
19.62  68.29
19.62  68.29
19.61  68.27
19.62  68.25
19.61  68.22
19.62  68.23
19.62  68.29
19.62  68.31
19.62  68.29
19.62  68.27
19.63  68.27
19.62  68.28
19.62  68.25
19.62  68.22
19.62  68.20
19.62  68.19
19.62  68.19
19.62  68.23
19.62  68.22
19.63  68.20
19.63  68.19
19.62  68.17
19.62  68.17
19.62  68.21
19.62  68.25
19.62  68.24
19.61  68.23
19.61  68.24
19.60  68.24
19.61  68.24
19.60  68.26
19.61  68.25
19.61  68.25
19.61  68.27
19.61  68.27
19.61  68.24
19.60  68.27
19.60  68.27
19.60  68.25
19.61  68.26
19.61  68.24
19.62  68.24
19.62  68.25
19.61  68.24
19.61  68.25
19.61  68.24
19.61  68.20
19.60  68.21
19.60  68.21
19.61  68.20
19.61  68.20
19.61  68.18
19.61  68.19
19.61  68.19
19.62  68.19
19.62  68.15
19.61  68.13
19.60  68.16
19.61  68.16
19.60  68.16
19.61  68.17
19.61  68.19
19.61  68.19
19.61  68.20
19.62  68.18
19.61  68.14
19.61  68.16
19.61  68.15
19.61  68.16
19.61  68.16
19.61  68.17
19.61  68.18
19.61  68.17
19.61  68.20
19.61  68.17
19.61  68.16
19.61  68.16
19.60  68.17
19.60  68.20
19.61  68.19
19.61  68.16
19.60  68.19
19.59  68.18
19.60  68.19
19.60  68.17
19.60  68.18
19.60  68.16
19.60  68.12
19.60  68.10
19.60  68.08
19.60  68.08
19.60  68.12
19.60  68.14
19.60  68.12
19.60  68.12
19.60  68.09
19.60  68.07
19.60  68.06
19.60  68.07
19.60  68.07
19.61  68.09
19.61  68.13
19.61  68.16
19.60  68.16
19.61  68.09
19.60  68.05
19.60  68.10
19.60  68.07
19.61  68.11
19.60  68.07
19.60  68.07
19.61  68.10
19.61  68.09
19.60  68.09
19.60  68.08
19.60  68.08
19.59  68.06
19.61  68.06
19.61  68.05
19.59  68.06
19.60  68.06
19.60  68.05
19.60  68.03
