0.00138889 20.48 67.06
0.00277778 20.47 67.11
0.00416667 20.45 67.18
0.00555556 20.46 67.13
0.00694444 20.44 71.36
0.00833333 20.41 70.34
0.00972222 20.40 70.23
0.0111111 20.40 70.26
0.0125 20.39 70.36
0.0138889 20.37 73.87
0.0152778 20.35 72.80
0.0166667 20.36 72.71
0.0180556 20.35 72.15
0.0194444 20.35 71.90
0.0208333 20.36 71.82
0.0222222 20.36 71.89
0.0236111 20.35 71.99
0.025 20.35 72.03
0.0263889 20.35 72.00
0.0277778 20.34 72.00
0.0291667 20.34 72.08
0.0305556 20.33 72.14
0.0319444 20.34 72.23
0.0333333 20.33 72.26
0.0347222 20.32 72.36
0.0361111 20.32 72.35
0.0375 20.32 72.52
0.0388889 20.31 72.75
0.0402778 20.31 73.07
0.0416667 20.31 73.54
0.0430556 20.32 73.54
0.0444444 20.30 73.39
0.0458333 20.30 73.29
0.0472222 20.29 73.17
0.0486111 20.29 73.12
0.05 20.30 73.15
0.0513889 20.29 73.26
0.0527778 20.29 73.48
0.0541667 20.28 73.52
0.0555556 20.28 73.51
0.0569444 20.27 73.63
0.0583333 20.27 73.75
0.0597222 20.26 73.85
0.0611111 20.26 73.95
0.0625 20.26 74.04
0.0638889 20.26 74.17
0.0652778 20.25 74.24
0.0666667 20.25 74.29
0.0680556 20.25 74.38
0.0694444 20.25 74.38
0.0708333 20.24 74.42
0.0722222 20.23 74.45
0.0736111 20.23 74.76
0.075 20.23 74.84
0.0763889 20.23 74.90
0.0777778 20.22 75.01
0.0791667 20.23 75.09
0.0805556 20.22 75.08
0.0819444 20.21 75.14
0.0833333 20.22 75.09
0.0847222 20.22 75.02
0.0861111 20.21 74.92
0.0875 20.21 74.95
0.0888889 20.22 74.93
0.0902778 20.21 74.94
0.0916667 20.22 75.19
0.0930556 20.21 75.43
0.0944444 20.21 75.51
0.0958333 20.21 75.68
0.0972222 20.20 75.86
0.0986111 20.20 76.02
0.1 20.21 76.14
0.101389 20.20 76.23
0.102778 20.20 76.31
0.104167 20.20 76.25
0.105556 20.21 76.19
0.106944 20.22 76.19
0.108333 20.24 76.29
0.109722 20.25 76.10
0.111111 20.23 75.85
0.1125 20.23 75.93
0.113889 20.22 76.10
0.115278 20.22 76.15
0.116667 20.22 76.23
0.118056 20.21 76.20
0.119444 20.22 76.28
0.120833 20.21 76.30
0.122222 20.21 76.34
0.123611 20.20 76.38
0.125 20.21 76.19
0.126389 20.22 76.51
0.127778 20.21 76.52
0.129167 20.21 76.44
0.130556 20.20 76.72
0.131944 20.19 76.80
0.133333 20.20 76.81
0.134722 20.19 76.73
0.136111 20.17 76.09
0.1375 20.17 75.49
0.138889 20.16 74.87
0.140278 20.16 74.45
0.141667 20.16 74.19
0.143056 20.16 73.75
0.144444 20.15 73.45
0.145833 20.14 72.96
0.147222 20.13 72.67
0.148611 20.11 72.59
0.15 20.11 71.81
0.151389 20.11 71.51
0.152778 20.11 71.00
0.154167 20.10 71.07
0.155556 20.09 70.95
0.156944 20.08 70.78
0.158333 20.08 70.62
0.159722 20.08 70.40
0.161111 20.07 70.26
0.1625 20.06 70.09
0.163889 20.07 69.96
0.165278 20.06 70.02
0.166667 20.05 69.82
0.168056 20.05 69.73
0.169444 20.05 69.65
0.170833 20.05 69.54
0.172222 20.05 69.41
0.173611 20.04 69.19
0.175 20.03 69.11
0.176389 20.03 69.11
0.177778 20.02 69.22
0.179167 20.02 68.93
0.180556 20.01 68.93
0.181944 20.01 68.84
0.183333 20.01 68.65
0.184722 20.01 68.87
0.186111 20.00 68.86
0.1875 20.00 68.85
0.188889 19.99 68.85
0.190278 19.99 68.87
0.191667 19.99 68.94
0.193056 19.99 68.85
0.194444 19.99 68.91
0.195833 19.99 68.86
0.197222 19.99 68.58
0.198611 19.99 68.45
0.2 19.98 68.45
0.201389 19.97 68.26
0.202778 19.98 68.44
0.204167 19.97 68.55
0.205556 19.97 68.58
0.206944 19.97 68.45
0.208333 19.96 68.46
0.209722 19.97 68.37
0.211111 19.96 68.26
0.2125 19.96 68.29
0.213889 19.96 68.30
0.215278 19.96 68.37
0.216667 19.96 68.55
0.218056 19.95 68.60
0.219444 19.96 68.34
0.220833 19.94 68.51
0.222222 19.94 68.56
0.223611 19.93 68.53
0.225 19.94 68.53
0.226389 19.93 68.55
0.227778 19.94 68.61
0.229167 19.95 68.64
0.230556 19.94 68.75
0.231944 19.94 68.59
0.233333 19.93 68.61
0.234722 19.94 68.71
0.236111 19.93 68.67
0.2375 19.92 68.55
0.238889 19.92 68.56
0.240278 19.91 68.64
0.241667 19.91 68.66
0.243056 19.91 68.60
0.244444 19.91 68.60
0.245833 19.90 68.51
0.247222 19.91 68.57
0.248611 19.91 68.70
0.25 19.91 68.77
0.251389 19.90 68.82
0.252778 19.91 68.77
0.254167 19.90 68.75
0.255556 19.90 68.79
0.256944 19.90 68.80
0.258333 19.90 68.77
0.259722 19.90 68.84
0.261111 19.90 68.81
0.2625 19.90 68.75
0.263889 19.89 68.66
0.265278 19.89 68.71
0.266667 19.90 68.68
0.268056 19.89 68.77
0.269444 19.90 68.75
0.270833 19.89 68.81
0.272222 19.89 68.85
0.273611 19.89 68.68
0.275 19.90 68.69
0.276389 19.89 68.57
0.277778 19.89 68.55
0.279167 19.90 68.53
0.280556 19.89 68.54
0.281944 19.90 68.62
0.283333 19.91 68.57
0.284722 19.90 68.54
0.286111 19.90 68.46
0.2875 19.90 68.49
0.288889 19.90 68.57
0.290278 19.90 68.49
0.291667 19.90 68.57
0.293056 19.90 68.61
0.294444 19.90 68.60
0.295833 19.90 68.57
0.297222 19.89 68.58
0.298611 19.89 68.62
0.3 19.89 68.73
0.301389 19.89 68.76
0.302778 19.89 68.77
0.304167 19.88 68.79
0.305556 19.90 68.82
0.306944 19.89 68.74
0.308333 19.89 68.75
0.309722 19.89 68.78
0.311111 19.89 68.80
0.3125 19.89 68.85
0.313889 19.88 68.82
0.315278 19.88 68.86
0.316667 19.88 68.90
0.318056 19.87 69.02
0.319444 19.87 68.86
0.320833 19.87 68.97
0.322222 19.86 68.92
0.323611 19.86 68.84
0.325 19.85 68.64
0.326389 19.86 68.62
0.327778 19.85 68.60
0.329167 19.87 68.69
0.330556 19.86 68.70
0.331944 19.86 68.69
0.333333 19.87 68.71
0.334722 19.86 68.55
0.336111 19.86 68.45
0.3375 19.86 68.40
0.338889 19.86 68.51
0.340278 19.86 68.52
0.341667 19.86 68.44
0.343056 19.86 68.48
0.344444 19.86 68.60
0.345833 19.86 68.61
0.347222 19.86 68.51
0.348611 19.86 68.42
0.35 19.86 68.35
0.351389 19.85 68.32
0.352778 19.85 68.25
0.354167 19.85 68.17
0.355556 19.86 68.11
0.356944 19.85 68.11
0.358333 19.85 68.05
0.359722 19.85 68.04
0.361111 19.86 68.13
0.3625 19.85 68.16
0.363889 19.85 68.11
0.365278 19.85 68.07
0.366667 19.85 67.97
0.368056 19.84 68.00
0.369444 19.86 68.17
0.370833 19.84 68.25
0.372222 19.85 68.32
0.373611 19.85 68.39
0.375 19.86 68.41
0.376389 19.86 68.31
0.377778 19.85 68.26
0.379167 19.86 68.30
0.380556 19.85 68.31
0.381944 19.85 68.38
0.383333 19.85 68.47
0.384722 19.85 68.55
0.386111 19.84 68.56
0.3875 19.85 68.48
0.388889 19.85 68.54
0.390278 19.85 68.52
0.391667 19.84 68.35
0.393056 19.84 68.30
0.394444 19.84 68.24
0.395833 19.84 68.22
0.397222 19.83 68.30
0.398611 19.83 68.28
0.4 19.84 68.25
0.401389 19.84 68.21
0.402778 19.84 68.24
0.404167 19.83 68.23
0.405556 19.85 68.24
0.406944 19.84 68.34
0.408333 19.85 68.60
0.409722 19.84 69.12
0.411111 19.84 69.15
0.4125 19.84 69.28
0.413889 19.84 69.66
0.415278 19.85 69.78
0.416667 19.84 69.77
0.418056 19.84 69.66
0.419444 19.83 69.56
0.420833 19.85 69.54
0.422222 19.85 69.45
0.423611 19.85 69.39
0.425 19.85 69.36
0.426389 19.84 69.36
0.427778 19.85 69.37
0.429167 19.85 69.31
0.430556 19.84 69.24
0.431944 19.84 69.19
0.433333 19.84 69.15
0.434722 19.84 69.11
0.436111 19.83 69.04
0.4375 19.84 69.02
0.438889 19.83 69.01
0.440278 19.83 69.02
0.441667 19.83 69.07
0.443056 19.83 69.11
0.444444 19.84 69.15
0.445833 19.83 69.14
0.447222 19.85 69.13
0.448611 19.84 69.14
0.45 19.84 69.17
0.451389 19.83 69.21
0.452778 19.83 69.21
0.454167 19.83 69.22
0.455556 19.83 69.25
0.456944 19.83 69.24
0.458333 19.83 69.22
0.459722 19.83 69.20
0.461111 19.83 69.24
0.4625 19.83 69.21
0.463889 19.82 69.29
0.465278 19.82 69.22
0.466667 19.83 69.17
0.468056 19.83 69.14
0.469444 19.82 69.15
0.470833 19.83 69.11
0.472222 19.82 69.19
0.473611 19.81 69.23
0.475 19.82 69.30
0.476389 19.83 69.39
0.477778 19.83 69.45
0.479167 19.83 69.48
0.480556 19.83 69.52
0.481944 19.83 69.44
0.483333 19.83 69.29
0.484722 19.82 69.22
0.486111 19.82 69.23
0.4875 19.82 69.31
0.488889 19.83 69.32
0.490278 19.83 69.39
0.491667 19.82 69.45
0.493056 19.83 69.42
0.494444 19.82 69.11
0.495833 19.82 69.07
0.497222 19.82 69.04
0.498611 19.81 69.12
0.5 19.82 69.13
0.501389 19.81 69.19
0.502778 19.81 69.21
0.504167 19.82 69.22
0.505556 19.81 69.12
0.506944 19.81 69.10
0.508333 19.81 69.12
0.509722 19.81 69.12
0.511111 19.81 69.18
0.5125 19.80 69.19
0.513889 19.81 69.13
0.515278 19.81 69.10
0.516667 19.81 69.08
0.518056 19.80 69.03
0.519444 19.80 69.05
0.520833 19.81 69.11
0.522222 19.80 69.14
0.523611 19.81 69.23
0.525 19.80 69.35
0.526389 19.81 69.45
0.527778 19.80 69.47
0.529167 19.80 69.54
0.530556 19.81 69.64
0.531944 19.80 69.71
0.533333 19.81 69.76
0.534722 19.80 69.77
0.536111 19.81 69.75
0.5375 19.80 69.70
0.538889 19.81 69.62
0.540278 19.80 69.56
0.541667 19.81 69.55
0.543056 19.82 69.57
0.544444 19.81 69.57
0.545833 19.81 69.57
0.547222 19.81 69.58
0.548611 19.81 69.68
0.55 19.81 69.61
0.551389 19.82 69.62
0.552778 19.81 69.80
0.554167 19.81 69.87
0.555556 19.81 69.91
0.556944 19.82 69.96
0.558333 19.82 69.97
0.559722 19.82 69.98
0.561111 19.82 69.93
0.5625 19.82 69.95
0.563889 19.82 69.99
0.565278 19.82 70.03
0.566667 19.83 70.39
0.568056 19.83 70.43
0.569444 19.84 70.42
0.570833 19.82 70.39
0.572222 19.83 70.36
0.573611 19.83 70.36
0.575 19.84 70.34
0.576389 19.84 70.27
0.577778 19.83 70.17
0.579167 19.83 70.11
0.580556 19.83 70.09
0.581944 19.83 70.03
0.583333 19.83 69.93
0.584722 19.83 69.90
0.586111 19.82 69.98
0.5875 19.82 69.94
0.588889 19.83 69.87
0.590278 19.82 69.83
0.591667 19.82 69.85
0.593056 19.82 69.89
0.594444 19.81 69.95
0.595833 19.82 69.90
0.597222 19.82 69.90
0.598611 19.82 69.86
0.6 19.82 69.81
0.601389 19.82 69.72
0.602778 19.81 69.78
0.604167 19.82 69.73
0.605556 19.81 69.76
0.606944 19.82 69.69
0.608333 19.81 69.59
0.609722 19.81 69.59
0.611111 19.81 69.61
0.6125 19.81 69.58
0.613889 19.81 69.66
0.615278 19.82 69.67
0.616667 19.81 69.70
0.618056 19.80 69.66
0.619444 19.81 69.64
0.620833 19.79 69.58
0.622222 19.79 69.50
0.623611 19.80 69.50
0.625 19.80 69.54
0.626389 19.80 69.53
0.627778 19.80 69.54
0.629167 19.79 69.55
0.630556 19.79 69.47
0.631944 19.78 69.39
0.633333 19.79 69.32
0.634722 19.78 69.30
0.636111 19.79 69.29
0.6375 19.79 69.29
0.638889 19.78 69.28
0.640278 19.78 69.27
0.641667 19.79 69.30
0.643056 19.78 69.26
0.644444 19.78 69.22
0.645833 19.78 69.19
0.647222 19.79 69.18
0.648611 19.78 69.27
0.65 19.77 69.36
0.651389 19.77 69.41
0.652778 19.78 69.41
0.654167 19.77 69.42
0.655556 19.78 69.40
0.656944 19.77 69.30
0.658333 19.77 69.27
0.659722 19.77 69.28
0.661111 19.77 69.29
0.6625 19.77 69.33
0.663889 19.77 69.33
0.665278 19.77 69.35
0.666667 19.78 69.31
0.668056 19.77 69.24
0.669444 19.78 69.14
0.670833 19.77 69.06
0.672222 19.77 69.17
0.673611 19.77 69.16
0.675 19.77 69.17
0.676389 19.77 69.16
0.677778 19.77 69.22
0.679167 19.77 69.30
0.680556 19.78 69.30
0.681944 19.78 69.28
0.683333 19.77 69.28
0.684722 19.77 69.26
0.686111 19.77 69.24
0.6875 19.78 69.26
0.688889 19.78 69.20
0.690278 19.76 69.13
0.691667 19.78 69.17
0.693056 19.77 69.23
0.694444 19.78 69.27
0.695833 19.78 69.24
0.697222 19.77 69.25
0.698611 19.78 69.31
0.7 19.78 69.27
0.701389 19.78 69.26
0.702778 19.78 69.31
0.704167 19.78 69.31
0.705556 19.77 69.34
0.706944 19.78 69.35
0.708333 19.78 69.31
0.709722 19.78 69.23
0.711111 19.78 69.14
0.7125 19.78 69.12
0.713889 19.78 69.12
0.715278 19.78 69.11
0.716667 19.79 69.14
0.718056 19.78 69.19
0.719444 19.78 69.20
0.720833 19.78 69.21
0.722222 19.79 69.25
0.723611 19.79 69.29
0.725 19.78 69.32
0.726389 19.78 69.34
0.727778 19.79 69.43
0.729167 19.78 69.45
0.730556 19.78 69.49
0.731944 19.78 69.52
0.733333 19.77 69.58
0.734722 19.78 69.79
0.736111 19.78 69.92
0.7375 19.77 69.93
0.738889 19.79 69.86
0.740278 19.79 69.76
0.741667 19.78 69.76
0.743056 19.78 69.70
0.744444 19.77 69.68
0.745833 19.78 69.62
0.747222 19.78 69.51
0.748611 19.77 69.38
0.75 19.78 69.34
0.751389 19.77 69.37
0.752778 19.78 69.41
0.754167 19.78 69.47
0.755556 19.77 69.51
0.756944 19.78 69.51
0.758333 19.77 69.53
0.759722 19.78 69.50
0.761111 19.77 69.47
0.7625 19.76 69.47
0.763889 19.77 69.43
0.765278 19.78 69.42
0.766667 19.77 69.39
0.768056 19.77 69.36
0.769444 19.77 69.33
0.770833 19.77 69.31
0.772222 19.77 69.24
0.773611 19.77 69.30
0.775 19.76 69.30
0.776389 19.76 69.32
0.777778 19.76 69.25
0.779167 19.76 69.20
0.780556 19.75 69.28
0.781944 19.75 69.33
0.783333 19.75 69.32
0.784722 19.75 69.34
0.786111 19.75 69.32
0.7875 19.75 69.35
0.788889 19.76 69.35
0.790278 19.76 69.35
0.791667 19.76 69.29
0.793056 19.75 69.27
0.794444 19.75 69.21
0.795833 19.75 69.15
0.797222 19.73 69.17
0.798611 19.74 69.15
0.8 19.73 69.14
0.801389 19.73 69.15
0.802778 19.75 69.11
0.804167 19.75 69.08
0.805556 19.73 69.08
0.806944 19.74 69.07
0.808333 19.74 69.02
0.809722 19.75 69.00
0.811111 19.75 68.99
0.8125 19.73 68.92
0.813889 19.73 68.89
0.815278 19.73 68.94
0.816667 19.73 68.93
0.818056 19.74 68.96
0.819444 19.73 69.06
0.820833 19.74 69.14
0.822222 19.73 69.07
0.823611 19.73 68.99
0.825 19.73 68.95
0.826389 19.73 68.95
0.827778 19.72 68.99
0.829167 19.72 69.01
0.830556 19.72 69.02
0.831944 19.72 69.03
0.833333 19.73 69.06
0.834722 19.73 69.10
0.836111 19.72 69.12
0.8375 19.72 69.12
0.838889 19.73 69.12
0.840278 19.73 69.04
0.841667 19.74 68.90
0.843056 19.73 68.88
0.844444 19.73 68.92
0.845833 19.73 68.95
0.847222 19.73 68.99
0.848611 19.73 68.97
0.85 19.73 68.94
0.851389 19.72 68.95
0.852778 19.73 68.99
0.854167 19.72 68.96
0.855556 19.72 68.97
0.856944 19.73 69.01
0.858333 19.73 69.07
0.859722 19.72 69.04
0.861111 19.74 69.03
0.8625 19.73 69.02
0.863889 19.73 68.93
0.865278 19.73 68.89
0.866667 19.73 68.92
0.868056 19.73 68.85
0.869444 19.74 68.87
0.870833 19.72 68.91
0.872222 19.73 68.92
0.873611 19.72 68.91
0.875 19.72 68.82
0.876389 19.72 68.78
0.877778 19.72 68.81
0.879167 19.72 68.82
0.880556 19.72 68.85
0.881944 19.71 68.86
0.883333 19.72 68.91
0.884722 19.72 68.94
0.886111 19.73 69.02
0.8875 19.73 68.99
0.888889 19.73 68.97
0.890278 19.73 68.95
0.891667 19.72 68.85
0.893056 19.73 68.85
0.894444 19.72 68.85
0.895833 19.72 68.91
0.897222 19.72 68.90
0.898611 19.72 68.92
0.9 19.71 68.94
0.901389 19.72 68.98
0.902778 19.71 68.98
0.904167 19.72 68.93
0.905556 19.73 68.92
0.906944 19.73 68.94
0.908333 19.73 69.01
0.909722 19.72 68.99
0.911111 19.73 68.98
0.9125 19.73 68.97
0.913889 19.73 68.97
0.915278 19.74 68.91
0.916667 19.72 68.88
0.918056 19.73 68.91
0.919444 19.73 68.91
0.920833 19.73 68.95
0.922222 19.72 68.95
0.923611 19.72 68.91
0.925 19.72 68.91
0.926389 19.71 68.92
0.927778 19.71 68.95
0.929167 19.71 68.92
0.930556 19.70 68.91
0.931944 19.72 68.89
0.933333 19.71 68.92
0.934722 19.71 68.96
0.936111 19.71 69.01
0.9375 19.71 69.03
0.938889 19.72 69.07
0.940278 19.71 69.03
0.941667 19.71 69.03
0.943056 19.71 69.10
0.944444 19.72 69.06
0.945833 19.70 69.02
0.947222 19.71 69.05
0.948611 19.71 69.08
0.95 19.71 69.09
0.951389 19.71 69.03
0.952778 19.71 69.03
0.954167 19.71 69.04
0.955556 19.71 69.05
0.956944 19.70 69.07
0.958333 19.71 69.09
0.959722 19.71 69.08
0.961111 19.71 69.06
0.9625 19.71 69.01
0.963889 19.72 69.05
0.965278 19.72 69.06
0.966667 19.72 69.04
0.968056 19.72 69.09
0.969444 19.72 69.05
0.970833 19.72 69.05
0.972222 19.72 69.02
0.973611 19.72 69.01
0.975 19.72 69.03
0.976389 19.71 69.08
0.977778 19.71 69.05
0.979167 19.72 69.04
0.980556 19.72 69.08
0.981944 19.70 69.07
0.983333 19.71 69.09
0.984722 19.71 69.10
0.986111 19.71 69.09
0.9875 19.70 69.10
0.988889 19.72 69.12
0.990278 19.71 69.13
0.991667 19.71 69.00
0.993056 19.70 68.90
0.994444 19.70 68.89
0.995833 19.70 68.89
0.997222 19.70 68.93
0.998611 19.70 68.96
1 19.70 69.00
1.00139 19.71 69.03
1.00278 19.72 69.03
1.00417 19.72 69.03
1.00556 19.71 69.01
1.00694 19.71 69.00
1.00833 19.71 68.99
1.00972 19.71 68.99
1.01111 19.71 69.03
1.0125 19.70 69.04
1.01389 19.70 69.02
1.01528 19.70 68.99
1.01667 19.70 68.99
1.01806 19.70 69.02
1.01944 19.69 69.01
1.02083 19.69 68.99
1.02222 19.70 69.00
1.02361 19.69 68.97
1.025 19.69 69.04
1.02639 19.70 69.07
1.02778 19.70 69.08
1.02917 19.69 69.00
1.03056 19.70 68.95
1.03194 19.70 68.98
1.03333 19.69 69.00
1.03472 19.69 69.04
1.03611 19.70 69.09
1.0375 19.69 69.06
1.03889 19.69 69.05
1.04028 19.70 69.03
1.04167 19.69 69.07
1.04306 19.70 69.09
1.04444 19.69 69.13
1.04583 19.70 69.12
1.04722 19.69 69.11
1.04861 19.70 69.11
1.05 19.70 69.14
1.05139 19.70 69.12
1.05278 19.70 69.05
1.05417 19.69 69.00
1.05556 19.69 68.98
1.05694 19.69 69.00
1.05833 19.70 69.02
1.05972 19.69 68.99
1.06111 19.70 69.00
1.0625 19.70 69.02
1.06389 19.70 69.06
1.06528 19.71 69.08
1.06667 19.70 69.09
1.06806 19.71 69.10
1.06944 19.71 69.06
1.07083 19.71 69.02
1.07222 19.71 68.98
1.07361 19.71 69.00
1.075 19.71 68.96
1.07639 19.71 68.99
1.07778 19.71 68.98
1.07917 19.71 69.02
1.08056 19.71 69.03
1.08194 19.72 69.06
1.08333 19.71 69.08
1.08472 19.72 69.71
1.08611 19.73 69.70
1.0875 19.72 69.69
1.08889 19.73 69.71
1.09028 19.72 69.67
1.09167 19.75 69.71
1.09306 19.73 69.77
1.09444 19.75 69.87
1.09583 19.75 69.94
1.09722 19.76 70.01
1.09861 19.77 70.05
1.1 19.76 70.03
1.10139 19.76 70.07
1.10278 19.76 70.13
1.10417 19.76 70.17
1.10556 19.77 70.19
1.10694 19.78 70.17
1.10833 19.78 70.19
1.10972 19.79 70.18
1.11111 19.79 70.15
1.1125 19.79 70.06
1.11389 19.79 70.05
1.11528 19.79 70.01
1.11667 19.78 69.98
1.11806 19.79 69.96
1.11944 19.79 69.99
1.12083 19.79 69.98
1.12222 19.80 69.94
1.12361 19.79 69.91
1.125 19.80 69.88
1.12639 19.80 69.87
1.12778 19.80 69.87
1.12917 19.79 69.85
1.13056 19.80 69.85
1.13194 19.80 69.85
1.13333 19.80 70.02
1.13472 19.80 70.06
1.13611 19.79 70.05
1.1375 19.80 70.03
1.13889 19.80 69.99
1.14028 19.80 70.07
1.14167 19.80 70.09
1.14306 19.81 70.09
1.14444 19.81 70.09
1.14583 19.80 70.09
1.14722 19.81 70.09
1.14861 19.81 70.08
1.15 19.81 70.06
1.15139 19.81 69.96
1.15278 19.80 69.92
1.15417 19.80 69.83
1.15556 19.79 69.84
1.15694 19.80 69.80
1.15833 19.79 69.69
1.15972 19.80 69.62
1.16111 19.80 69.58
1.1625 19.80 69.54
1.16389 19.80 69.62
1.16528 19.81 69.70
1.16667 19.80 69.74
1.16806 19.80 69.78
1.16944 19.80 69.79
1.17083 19.80 69.82
1.17222 19.79 69.80
1.17361 19.80 69.77
1.175 19.80 69.74
1.17639 19.80 69.74
1.17778 19.80 69.72
1.17917 19.79 69.68
1.18056 19.79 69.65
1.18194 19.79 69.58
1.18333 19.79 69.58
1.18472 19.80 69.61
1.18611 19.79 69.62
1.1875 19.79 69.65
1.18889 19.79 69.61
1.19028 19.79 69.53
1.19167 19.80 69.51
1.19306 19.79 69.49
1.19444 19.80 69.56
1.19583 19.80 69.58
1.19722 19.80 69.56
1.19861 19.80 69.49
1.2 19.79 69.43
1.20139 19.79 69.48
1.20278 19.80 69.53
1.20417 19.80 69.55
1.20556 19.79 69.61
1.20694 19.78 69.52
1.20833 19.79 69.45
1.20972 19.79 69.52
1.21111 19.78 69.57
1.2125 19.78 69.58
1.21389 19.79 69.47
1.21528 19.78 69.37
1.21667 19.79 69.30
1.21806 19.79 69.29
1.21944 19.80 69.32
1.22083 19.79 69.18
1.22222 19.78 69.14
1.22361 19.77 69.17
1.225 19.78 69.18
1.22639 19.79 69.20
1.22778 19.79 69.20
1.22917 19.79 69.20
1.23056 19.78 69.19
1.23194 19.77 69.17
1.23333 19.78 69.18
1.23472 19.78 69.23
1.23611 19.77 69.17
1.2375 19.76 69.10
1.23889 19.76 69.01
1.24028 19.76 69.00
1.24167 19.76 69.06
1.24306 19.76 69.10
1.24444 19.77 69.10
1.24583 19.76 69.11
1.24722 19.77 69.08
1.24861 19.76 69.09
1.25 19.75 69.04
1.25139 19.76 69.00
1.25278 19.75 68.95
1.25417 19.75 68.94
1.25556 19.74 68.96
1.25694 19.75 68.97
1.25833 19.73 68.97
1.25972 19.75 68.98
1.26111 19.74 68.98
1.2625 19.74 69.01
1.26389 19.73 68.99
1.26528 19.73 68.95
1.26667 19.72 68.85
1.26806 19.72 68.90
1.26944 19.73 68.90
1.27083 19.71 68.86
1.27222 19.73 68.91
1.27361 19.72 68.99
1.275 19.72 68.98
1.27639 19.71 68.98
1.27778 19.71 68.99
1.27917 19.73 68.92
1.28056 19.72 68.89
1.28194 19.72 68.89
1.28333 19.71 68.88
1.28472 19.71 68.82
1.28611 19.72 68.83
1.2875 19.72 68.81
1.28889 19.72 68.81
1.29028 19.72 68.83
1.29167 19.70 68.84
1.29306 19.71 68.88
1.29444 19.71 68.87
1.29583 19.72 68.88
1.29722 19.72 68.87
1.29861 19.70 68.86
1.3 19.71 68.81
1.30139 19.71 68.83
1.30278 19.71 68.84
1.30417 19.71 68.88
1.30556 19.71 68.92
1.30694 19.70 68.94
1.30833 19.71 68.90
1.30972 19.70 68.86
1.31111 19.71 68.88
1.3125 19.71 68.85
1.31389 19.72 68.83
1.31528 19.71 68.79
1.31667 19.71 68.81
1.31806 19.72 68.83
1.31944 19.71 68.85
1.32083 19.72 68.86
1.32222 19.71 68.84
1.32361 19.71 68.79
1.325 19.72 68.81
1.32639 19.72 68.81
1.32778 19.70 68.81
1.32917 19.70 68.83
1.33056 19.70 68.84
1.33194 19.71 68.85
1.33333 19.71 68.85
1.33472 19.71 68.84
1.33611 19.70 68.92
1.3375 19.70 68.95
1.33889 19.70 68.81
1.34028 19.71 68.74
1.34167 19.70 68.76
1.34306 19.69 68.80
1.34444 19.70 68.81
1.34583 19.70 68.81
1.34722 19.70 68.80
1.34861 19.70 68.81
1.35 19.70 68.81
1.35139 19.70 68.82
1.35278 19.70 68.77
1.35417 19.70 68.75
1.35556 19.70 68.71
1.35694 19.69 68.69
1.35833 19.69 68.69
1.35972 19.70 68.75
1.36111 19.69 68.78
1.3625 19.69 68.78
1.36389 19.69 68.76
1.36528 19.69 68.77
1.36667 19.69 68.78
1.36806 19.69 68.81
1.36944 19.69 68.82
1.37083 19.70 68.75
1.37222 19.69 68.74
1.37361 19.70 68.75
1.375 19.69 68.75
1.37639 19.70 68.78
1.37778 19.70 68.81
1.37917 19.69 68.78
1.38056 19.69 68.79
1.38194 19.69 68.71
1.38333 19.69 68.66
1.38472 19.69 68.64
1.38611 19.68 68.65
1.3875 19.68 68.68
1.38889 19.68 68.66
1.39028 19.68 68.66
1.39167 19.69 68.67
1.39306 19.69 68.70
1.39444 19.68 68.72
1.39583 19.68 68.75
1.39722 19.68 68.79
1.39861 19.68 68.77
1.4 19.68 68.73
1.40139 19.69 68.69
1.40278 19.68 68.69
1.40417 19.68 68.69
1.40556 19.68 68.72
1.40694 19.69 68.72
1.40833 19.68 68.66
1.40972 19.68 68.66
1.41111 19.68 68.70
1.4125 19.68 68.75
1.41389 19.68 68.75
1.41528 19.68 68.71
1.41667 19.68 68.72
1.41806 19.68 68.76
1.41944 19.67 68.77
1.42083 19.68 68.73
1.42222 19.67 68.74
1.42361 19.68 68.73
1.425 19.67 68.74
1.42639 19.68 68.71
1.42778 19.68 68.70
1.42917 19.67 68.72
1.43056 19.68 68.73
1.43194 19.67 68.73
1.43333 19.68 68.75
1.43472 19.68 68.69
1.43611 19.67 68.63
1.4375 19.67 68.59
1.43889 19.67 68.56
1.44028 19.67 68.58
1.44167 19.67 68.66
1.44306 19.67 68.69
1.44444 19.66 68.67
1.44583 19.67 68.67
1.44722 19.67 68.70
1.44861 19.68 68.72
1.45 19.67 68.72
1.45139 19.67 68.70
1.45278 19.67 68.68
1.45417 19.66 68.67
1.45556 19.67 68.70
1.45694 19.68 68.71
1.45833 19.67 68.72
1.45972 19.68 68.71
1.46111 19.68 68.70
1.4625 19.68 68.66
1.46389 19.68 68.61
1.46528 19.68 68.59
1.46667 19.67 68.60
1.46806 19.68 68.61
1.46944 19.68 68.61
1.47083 19.67 68.62
1.47222 19.66 68.66
1.47361 19.67 68.70
1.475 19.67 68.70
1.47639 19.67 68.64
1.47778 19.67 68.62
1.47917 19.68 68.60
1.48056 19.68 68.62
1.48194 19.67 68.63
1.48333 19.67 68.66
1.48472 19.68 68.65
1.48611 19.68 68.64
1.4875 19.67 68.66
1.48889 19.68 68.66
1.49028 19.67 68.64
1.49167 19.67 68.62
1.49306 19.67 68.65
1.49444 19.67 68.61
1.49583 19.68 68.63
1.49722 19.69 68.62
1.49861 19.67 68.60
1.5 19.68 68.58
1.50139 19.67 68.59
1.50278 19.67 68.60
1.50417 19.67 68.59
1.50556 19.67 68.59
1.50694 19.67 68.59
1.50833 19.68 68.59
1.50972 19.67 68.59
1.51111 19.66 68.56
1.5125 19.66 68.49
1.51389 19.66 68.48
1.51528 19.65 68.49
1.51667 19.66 68.50
1.51806 19.65 68.49
1.51944 19.65 68.52
1.52083 19.65 68.50
1.52222 19.66 68.53
1.52361 19.67 68.56
1.525 19.65 68.57
1.52639 19.67 68.59
1.52778 19.66 68.60
1.52917 19.67 68.54
1.53056 19.66 68.52
1.53194 19.66 68.52
1.53333 19.66 68.57
1.53472 19.67 68.56
1.53611 19.66 68.56
1.5375 19.66 68.57
1.53889 19.65 68.55
1.54028 19.65 68.56
1.54167 19.65 68.57
1.54306 19.66 68.57
1.54444 19.65 68.55
1.54583 19.66 68.57
1.54722 19.67 68.56
1.54861 19.65 68.54
1.55 19.65 68.53
1.55139 19.65 68.52
1.55278 19.65 68.54
1.55417 19.65 68.57
1.55556 19.65 68.59
1.55694 19.65 68.58
1.55833 19.65 68.60
1.55972 19.65 68.61
1.56111 19.64 68.60
1.5625 19.65 68.63
1.56389 19.65 68.63
1.56528 19.65 68.59
1.56667 19.64 68.56
1.56806 19.65 68.57
1.56944 19.64 68.57
1.57083 19.65 68.60
1.57222 19.65 68.55
1.57361 19.66 68.54
1.575 19.66 68.52
1.57639 19.64 68.45
1.57778 19.65 68.45
1.57917 19.66 68.49
1.58056 19.65 68.53
1.58194 19.65 68.54
1.58333 19.66 68.53
1.58472 19.65 68.50
1.58611 19.65 68.47
1.5875 19.65 68.43
1.58889 19.67 68.46
1.59028 19.67 68.46
1.59167 19.65 68.43
1.59306 19.66 68.44
1.59444 19.65 68.41
1.59583 19.64 68.42
1.59722 19.65 68.43
1.59861 19.65 68.44
1.6 19.65 68.42
1.60139 19.66 68.42
1.60278 19.64 68.44
1.60417 19.65 68.46
1.60556 19.66 68.45
1.60694 19.66 68.43
1.60833 19.66 68.43
1.60972 19.65 68.43
1.61111 19.65 68.43
1.6125 19.65 68.42
1.61389 19.65 68.45
1.61528 19.65 68.44
1.61667 19.65 68.44
1.61806 19.65 68.43
1.61944 19.65 68.46
1.62083 19.64 68.47
1.62222 19.65 68.47
1.62361 19.64 68.47
1.625 19.64 68.42
1.62639 19.65 68.39
1.62778 19.65 68.39
1.62917 19.65 68.42
1.63056 19.65 68.43
1.63194 19.65 68.46
1.63333 19.63 68.46
1.63472 19.64 68.45
1.63611 19.64 68.44
1.6375 19.64 68.42
1.63889 19.63 68.42
1.64028 19.64 68.43
1.64167 19.65 68.45
1.64306 19.65 68.46
1.64444 19.63 68.44
1.64583 19.64 68.40
1.64722 19.64 68.40
1.64861 19.64 68.37
1.65 19.64 68.39
1.65139 19.64 68.42
1.65278 19.64 68.39
1.65417 19.63 68.43
1.65556 19.63 68.43
1.65694 19.63 68.44
1.65833 19.63 68.45
1.65972 19.63 68.44
1.66111 19.64 68.41
1.6625 19.63 68.36
1.66389 19.64 68.36
1.66528 19.63 68.36
1.66667 19.64 68.39
1.66806 19.64 68.43
1.66944 19.64 68.43
1.67083 19.63 68.42
1.67222 19.63 68.37
1.67361 19.63 68.39
1.675 19.64 68.38
1.67639 19.64 68.36
1.67778 19.63 68.36
1.67917 19.64 68.36
1.68056 19.63 68.39
1.68194 19.64 68.38
1.68333 19.64 68.38
1.68472 19.64 68.37
1.68611 19.64 68.36
1.6875 19.63 68.35
1.68889 19.63 68.37
1.69028 19.63 68.40
1.69167 19.64 68.43
1.69306 19.63 68.38
1.69444 19.63 68.37
1.69583 19.64 68.36
1.69722 19.63 68.38
1.69861 19.64 68.35
1.7 19.64 68.32
1.70139 19.64 68.33
1.70278 19.64 68.33
1.70417 19.64 68.33
1.70556 19.63 68.35
1.70694 19.64 68.37
1.70833 19.64 68.42
1.70972 19.64 68.43
1.71111 19.64 68.42
1.7125 19.64 68.40
1.71389 19.63 68.36
1.71528 19.63 68.34
1.71667 19.62 68.32
1.71806 19.63 68.31
1.71944 19.63 68.32
1.72083 19.63 68.33
1.72222 19.64 68.37
1.72361 19.63 68.37
1.725 19.64 68.37
1.72639 19.64 68.34
1.72778 19.64 68.33
1.72917 19.63 68.32
1.73056 19.64 68.32
1.73194 19.63 68.32
1.73333 19.63 68.33
1.73472 19.64 68.35
1.73611 19.63 68.35
1.7375 19.63 68.33
1.73889 19.63 68.33
1.74028 19.64 68.34
1.74167 19.63 68.36
1.74306 19.64 68.34
1.74444 19.64 68.33
1.74583 19.64 68.30
1.74722 19.63 68.30
1.74861 19.63 68.31
1.75 19.63 68.29
1.75139 19.63 68.29
1.75278 19.63 68.31
1.75417 19.63 68.30
1.75556 19.63 68.29
1.75694 19.63 68.30
1.75833 19.63 68.26
1.75972 19.63 68.26
1.76111 19.62 68.27
1.7625 19.63 68.28
1.76389 19.63 68.26
1.76528 19.62 68.27
1.76667 19.62 68.27
1.76806 19.62 68.27
1.76944 19.62 68.26
1.77083 19.62 68.24
1.77222 19.62 68.27
1.77361 19.62 68.28
1.775 19.62 68.30
1.77639 19.62 68.31
1.77778 19.62 68.31
1.77917 19.62 68.30
1.78056 19.62 68.29
1.78194 19.63 68.27
1.78333 19.62 68.25
1.78472 19.62 68.23
1.78611 19.61 68.24
1.7875 19.61 68.25
1.78889 19.62 68.26
1.79028 19.62 68.22
1.79167 19.62 68.23
1.79306 19.62 68.20
1.79444 19.61 68.24
1.79583 19.62 68.29
1.79722 19.61 68.26
1.79861 19.62 68.26
1.8 19.61 68.23
1.80139 19.61 68.24
1.80278 19.62 68.26
1.80417 19.61 68.29
1.80556 19.61 68.30
1.80694 19.61 68.30
1.80833 19.62 68.29
1.80972 19.62 68.25
1.81111 19.62 68.29
1.8125 19.62 68.29
1.81389 19.61 68.27
1.81528 19.62 68.25
1.81667 19.61 68.22
1.81806 19.62 68.23
1.81944 19.62 68.29
1.82083 19.62 68.31
1.82222 19.62 68.29
1.82361 19.62 68.27
1.825 19.63 68.27
1.82639 19.62 68.28
1.82778 19.62 68.25
1.82917 19.62 68.22
1.83056 19.62 68.20
1.83194 19.62 68.19
1.83333 19.62 68.19
1.83472 19.62 68.23
1.83611 19.62 68.22
1.8375 19.63 68.20
1.83889 19.63 68.19
1.84028 19.62 68.17
1.84167 19.62 68.17
1.84306 19.62 68.21
1.84444 19.62 68.25
1.84583 19.62 68.24
1.84722 19.61 68.23
1.84861 19.61 68.24
1.85 19.60 68.24
1.85139 19.61 68.24
1.85278 19.60 68.26
1.85417 19.61 68.25
1.85556 19.61 68.25
1.85694 19.61 68.27
1.85833 19.61 68.27
1.85972 19.61 68.24
1.86111 19.60 68.27
1.8625 19.60 68.27
1.86389 19.60 68.25
1.86528 19.61 68.26
1.86667 19.61 68.24
1.86806 19.62 68.24
1.86944 19.62 68.25
1.87083 19.61 68.24
1.87222 19.61 68.25
1.87361 19.61 68.24
1.875 19.61 68.20
1.87639 19.60 68.21
1.87778 19.60 68.21
1.87917 19.61 68.20
1.88056 19.61 68.20
1.88194 19.61 68.18
1.88333 19.61 68.19
1.88472 19.61 68.19
1.88611 19.62 68.19
1.8875 19.62 68.15
1.88889 19.61 68.13
1.89028 19.60 68.16
1.89167 19.61 68.16
1.89306 19.60 68.16
1.89444 19.61 68.17
1.89583 19.61 68.19
1.89722 19.61 68.19
1.89861 19.61 68.20
1.9 19.62 68.18
1.90139 19.61 68.14
1.90278 19.61 68.16
1.90417 19.61 68.15
1.90556 19.61 68.16
1.90694 19.61 68.16
1.90833 19.61 68.17
1.90972 19.61 68.18
1.91111 19.61 68.17
1.9125 19.61 68.20
1.91389 19.61 68.17
1.91528 19.61 68.16
1.91667 19.61 68.16
1.91806 19.60 68.17
1.91944 19.60 68.20
1.92083 19.61 68.19
1.92222 19.61 68.16
1.92361 19.60 68.19
1.925 19.59 68.18
1.92639 19.60 68.19
1.92778 19.60 68.17
1.92917 19.60 68.18
1.93056 19.60 68.16
1.93194 19.60 68.12
1.93333 19.60 68.10
1.93472 19.60 68.08
1.93611 19.60 68.08
1.9375 19.60 68.12
1.93889 19.60 68.14
1.94028 19.60 68.12
1.94167 19.60 68.12
1.94306 19.60 68.09
1.94444 19.60 68.07
1.94583 19.60 68.06
1.94722 19.60 68.07
1.94861 19.60 68.07
1.95 19.61 68.09
1.95139 19.61 68.13
1.95278 19.61 68.16
1.95417 19.60 68.16
1.95556 19.61 68.09
1.95694 19.60 68.05
1.95833 19.60 68.10
1.95972 19.60 68.07
1.96111 19.61 68.11
1.9625 19.60 68.07
1.96389 19.60 68.07
1.96528 19.61 68.10
1.96667 19.61 68.09
1.96806 19.60 68.09
1.96944 19.60 68.08
1.97083 19.60 68.08
1.97222 19.59 68.06
1.97361 19.61 68.06
1.975 19.61 68.05
1.97639 19.59 68.06
1.97778 19.60 68.06
1.97917 19.60 68.05
1.98056 19.60 68.03
