0.00277778 18.89 67.44
0.00416667 18.90 67.45
0.00555556 18.91 67.37
0.00694444 18.91 67.42
0.00833333 18.92 67.42
0.00972222 18.91 67.34
0.0111111 18.92 67.33
0.0125 18.92 67.25
0.0138889 18.93 67.25
0.0152778 18.93 67.26
0.0166667 18.93 67.29
0.0180556 18.94 67.20
0.0194444 18.93 67.16
0.0208333 18.94 67.12
0.0222222 18.94 67.10
0.0236111 18.96 67.08
0.025 18.95 67.09
0.0263889 18.96 67.12
0.0277778 18.95 67.22
0.0291667 18.96 67.13
0.0305556 18.96 67.12
0.0319444 18.95 67.15
0.0333333 18.97 67.19
0.0347222 18.98 67.21
0.0361111 18.98 67.15
0.0375 18.97 67.11
0.0388889 18.98 67.08
0.0402778 18.98 67.12
0.0416667 18.99 67.14
0.0430556 18.98 67.16
0.0444444 18.99 67.14
0.0458333 18.99 67.08
0.0472222 18.99 67.10
0.0486111 18.99 67.03
0.05 19.00 67.05
0.0513889 18.99 67.02
0.0527778 18.99 66.96
0.0541667 18.99 66.94
0.0555556 19.00 66.96
0.0569444 19.00 67.03
0.0583333 19.01 67.07
0.0597222 19.01 67.05
0.0611111 19.01 67.08
0.0625 19.01 67.03
0.0638889 19.00 67.03
0.0652778 19.02 67.01
0.0666667 19.02 66.96
0.0680556 19.01 66.94
0.0694444 19.02 67.02
0.0708333 19.02 67.05
0.0722222 19.02 67.05
0.0736111 19.01 67.10
0.075 19.02 67.11
0.0763889 19.02 67.06
0.0777778 19.03 66.99
0.0791667 19.03 66.95
0.0805556 19.03 66.97
0.0819444 19.03 66.96
0.0833333 19.03 66.92
0.0847222 19.03 66.87
0.0861111 19.03 66.85
0.0875 19.03 66.85
0.0888889 19.03 66.86
0.0902778 19.03 66.88
0.0916667 19.04 66.90
0.0930556 19.03 66.93
0.0944444 19.04 66.98
0.0958333 19.03 66.99
0.0972222 19.04 66.98
0.0986111 19.03 67.01
0.1 19.04 67.03
0.101389 19.04 66.94
0.102778 19.04 66.91
0.104167 19.04 66.90
0.105556 19.03 66.89
0.106944 19.05 66.86
0.108333 19.05 66.84
0.109722 19.04 66.83
0.111111 19.05 66.84
0.1125 19.04 66.87
0.113889 19.04 66.82
0.115278 19.04 66.94
0.116667 19.05 66.92
0.118056 19.04 66.87
0.119444 19.04 66.91
0.120833 19.05 66.95
0.122222 19.05 66.96
0.123611 19.05 67.01
0.125 19.05 67.05
0.126389 19.06 67.05
0.127778 19.06 66.99
0.129167 19.06 66.91
0.130556 19.06 66.88
0.131944 19.06 66.85
0.133333 19.06 66.84
0.134722 19.07 66.86
0.136111 19.06 66.84
0.1375 19.07 66.88
0.138889 19.05 66.89
0.140278 19.06 66.91
0.141667 19.05 66.92
0.143056 19.06 66.96
0.144444 19.07 66.95
0.145833 19.06 66.94
0.147222 19.06 66.93
0.148611 19.06 66.95
0.15 19.06 66.95
0.151389 19.07 66.92
0.152778 19.07 66.90
0.154167 19.06 66.86
0.155556 19.07 66.97
0.156944 19.07 66.97
0.158333 19.07 66.93
0.159722 19.07 66.91
0.161111 19.08 66.93
0.1625 19.08 66.97
0.163889 19.07 66.93
0.165278 19.07 66.92
0.166667 19.07 66.94
0.168056 19.07 66.91
0.169444 19.08 66.94
0.170833 19.08 66.89
0.172222 19.10 66.89
0.173611 19.07 66.85
0.175 19.09 66.86
0.176389 19.08 66.83
0.177778 19.10 66.84
0.179167 19.08 66.89
0.180556 19.10 66.97
0.181944 19.10 66.93
0.183333 19.09 66.94
0.184722 19.08 66.90
0.186111 19.10 66.93
0.1875 19.10 66.90
0.188889 19.10 66.88
0.190278 19.10 66.85
0.191667 19.09 66.89
0.193056 19.09 66.89
0.194444 19.10 66.85
0.195833 19.10 66.83
0.197222 19.09 66.90
0.198611 19.11 66.89
0.2 19.10 66.89
0.201389 19.11 65.47
0.202778 19.07 59.54
0.204167 19.03 59.50
0.205556 19.03 60.48
0.206944 19.03 61.15
0.208333 19.03 61.68
0.209722 19.04 62.13
0.211111 19.04 62.23
0.2125 19.05 62.55
0.213889 19.03 61.01
0.215278 19.02 60.53
0.216667 19.01 60.70
0.218056 19.01 59.92
0.219444 18.99 59.87
0.220833 18.99 60.04
0.222222 18.97 58.71
0.223611 18.94 56.20
0.225 18.90 56.18
0.226389 18.87 54.87
0.227778 18.83 54.70
0.229167 18.79 53.96
0.230556 18.74 53.09
0.231944 18.71 52.37
0.233333 18.69 52.98
0.234722 18.68 52.92
0.236111 18.67 52.07
0.2375 18.62 51.29
0.238889 18.58 51.02
0.240278 18.57 51.18
0.241667 18.53 50.50
0.243056 18.50 50.76
0.244444 18.49 50.74
0.245833 18.50 51.56
0.247222 18.51 52.52
0.248611 18.53 53.17
0.25 18.55 53.57
0.251389 18.57 53.84
0.252778 18.57 53.83
0.254167 18.60 54.10
0.255556 18.60 53.81
0.256944 18.59 53.88
0.258333 18.59 54.04
0.259722 18.59 54.24
0.261111 18.60 54.48
0.2625 18.61 53.96
0.263889 18.59 50.95
0.265278 18.53 49.40
0.266667 18.49 49.07
0.268056 18.46 49.42
0.269444 18.45 49.12
0.270833 18.44 50.00
0.272222 18.44 50.18
0.273611 18.45 51.17
0.275 18.46 51.74
0.276389 18.45 51.84
0.277778 18.45 52.11
0.279167 18.46 52.11
0.280556 18.48 52.22
0.281944 18.49 52.15
0.283333 18.50 51.84
0.284722 18.50 51.49
0.286111 18.50 51.49
0.2875 18.50 51.57
0.288889 18.49 51.29
0.290278 18.50 51.35
0.291667 18.51 52.14
0.293056 18.53 53.00
0.294444 18.55 53.69
0.295833 18.56 54.13
0.297222 18.56 54.31
0.298611 18.57 54.45
0.3 18.58 54.74
0.301389 18.59 54.44
0.302778 18.59 54.16
0.304167 18.60 54.22
0.305556 18.62 54.47
0.306944 18.63 54.55
0.308333 18.64 54.67
0.309722 18.64 54.81
0.311111 18.65 54.98
0.3125 18.66 55.14
0.313889 18.66 55.12
0.315278 18.67 55.34
0.316667 18.68 55.44
0.318056 18.68 55.50
0.319444 18.68 55.70
0.320833 18.69 55.94
0.322222 18.69 56.04
0.323611 18.70 56.08
0.325 18.71 56.15
0.326389 18.72 56.31
0.327778 18.71 56.38
0.329167 18.72 56.40
0.330556 18.72 56.38
0.331944 18.74 56.45
0.333333 18.74 56.62
0.334722 18.74 56.91
0.336111 18.74 57.02
0.3375 18.75 56.96
0.338889 18.76 56.92
0.340278 18.76 56.86
0.341667 18.76 56.89
0.343056 18.77 56.92
0.344444 18.77 56.98
0.345833 18.78 57.02
0.347222 18.78 57.15
0.348611 18.80 57.24
0.35 18.78 57.34
0.351389 18.79 57.47
0.352778 18.80 57.83
0.354167 18.81 58.10
0.355556 18.80 58.17
0.356944 18.81 58.16
0.358333 18.82 58.18
0.359722 18.82 58.24
0.361111 18.81 58.25
0.3625 18.82 58.27
0.363889 18.82 58.31
0.365278 18.82 58.35
0.366667 18.84 58.39
0.368056 18.83 58.45
0.369444 18.84 58.40
0.370833 18.84 58.37
0.372222 18.84 58.49
0.373611 18.84 58.65
0.375 18.85 58.75
0.376389 18.84 58.83
0.377778 18.85 59.01
0.379167 18.86 59.09
0.380556 18.86 59.15
0.381944 18.87 59.09
0.383333 18.87 59.16
0.384722 18.86 59.33
0.386111 18.88 59.35
0.3875 18.88 59.36
0.388889 18.88 59.42
0.390278 18.89 59.46
0.391667 18.87 59.49
0.393056 18.88 59.56
0.394444 18.89 59.60
0.395833 18.89 59.62
0.397222 18.89 59.56
0.398611 18.89 59.56
0.4 18.90 59.61
0.401389 18.89 59.61
0.402778 18.90 59.60
0.404167 18.89 59.60
0.405556 18.90 59.56
0.406944 18.90 59.58
0.408333 18.90 59.73
0.409722 18.90 59.74
0.411111 18.90 59.80
0.4125 18.90 59.83
0.413889 18.91 59.78
0.415278 18.91 59.87
0.416667 18.91 59.79
0.418056 18.91 59.74
0.419444 18.91 59.75
0.420833 18.92 59.96
0.422222 18.92 59.90
0.423611 18.91 59.78
0.425 18.92 59.73
0.426389 18.92 59.70
0.427778 18.92 59.70
0.429167 18.93 59.76
0.430556 18.92 59.78
0.431944 18.92 59.79
0.433333 18.93 59.83
0.434722 18.92 59.86
0.436111 18.93 59.85
0.4375 18.92 59.82
0.438889 18.92 59.82
0.440278 18.92 59.82
0.441667 18.93 59.85
0.443056 18.93 59.80
0.444444 18.93 59.82
0.445833 18.93 59.83
0.447222 18.93 59.88
0.448611 18.93 60.00
0.45 18.93 60.09
0.451389 18.93 60.14
0.452778 18.93 60.33
0.454167 18.94 60.14
0.455556 18.93 60.17
0.456944 18.95 60.20
0.458333 18.94 60.12
0.459722 18.95 60.09
0.461111 18.95 60.09
0.4625 18.96 60.07
0.463889 18.97 60.04
0.465278 18.95 60.02
0.466667 18.95 60.06
0.468056 18.94 60.07
0.469444 18.95 60.06
0.470833 18.95 60.05
0.472222 18.96 60.03
0.473611 18.95 59.99
0.475 18.96 60.01
0.476389 18.95 60.03
0.477778 18.94 60.10
0.479167 18.96 60.08
0.480556 18.95 60.10
0.481944 18.96 60.16
0.483333 18.95 60.17
0.484722 18.96 60.17
0.486111 18.96 60.18
0.4875 18.96 60.18
0.488889 18.96 60.19
0.490278 18.96 60.20
0.491667 18.96 60.21
0.493056 18.96 60.20
0.494444 18.96 60.23
0.495833 18.97 60.23
0.497222 18.96 60.26
0.498611 18.97 60.35
0.5 18.97 60.56
0.501389 18.96 60.53
0.502778 18.97 60.53
0.504167 18.97 60.57
0.505556 18.98 60.47
0.506944 18.96 57.67
0.508333 18.93 55.81
0.509722 18.93 55.69
0.511111 18.91 55.53
0.5125 18.89 55.25
0.513889 18.88 53.96
0.515278 18.82 51.91
0.516667 18.78 51.42
0.518056 18.74 50.69
0.519444 18.72 50.83
0.520833 18.68 51.53
0.522222 18.65 50.86
0.523611 18.64 50.83
0.525 18.62 51.02
0.526389 18.61 51.65
0.527778 18.59 51.52
0.529167 18.57 50.74
0.530556 18.56 50.50
0.531944 18.54 50.27
0.533333 18.53 50.22
0.534722 18.52 50.92
0.536111 18.51 51.33
0.5375 18.52 51.56
0.538889 18.53 51.72
0.540278 18.52 51.75
0.541667 18.53 51.99
0.543056 18.54 52.25
0.544444 18.54 52.21
0.545833 18.53 51.90
0.547222 18.48 49.75
0.548611 18.41 48.83
0.55 18.34 48.19
0.551389 18.30 48.12
0.552778 18.27 48.27
0.554167 18.23 47.52
0.555556 18.21 49.20
0.556944 18.18 49.09
0.558333 18.16 48.27
0.559722 18.12 47.78
0.561111 18.11 47.26
0.5625 18.06 46.79
0.563889 18.03 47.41
0.565278 18.01 46.98
0.566667 17.98 47.16
0.568056 17.96 47.56
0.569444 17.97 47.95
0.570833 17.98 48.12
0.572222 17.97 47.55
0.573611 17.97 47.91
0.575 17.96 47.61
0.576389 17.95 47.51
0.577778 17.92 46.91
0.579167 17.88 47.03
0.580556 17.85 46.81
0.581944 17.85 47.04
0.583333 17.87 47.65
0.584722 17.88 47.57
0.586111 17.89 48.06
0.5875 17.88 47.00
0.588889 17.84 46.70
0.590278 17.83 46.85
0.591667 17.84 46.83
0.593056 17.86 47.38
0.594444 17.87 47.71
0.595833 17.89 47.92
0.597222 17.94 48.71
0.598611 17.96 48.91
0.6 17.97 49.12
0.601389 17.99 49.34
0.602778 18.00 49.47
0.604167 18.01 49.64
0.605556 18.02 49.71
0.606944 18.04 49.72
0.608333 18.05 49.72
0.609722 18.07 49.78
0.611111 18.09 49.87
0.6125 18.09 50.04
0.613889 18.12 50.14
0.615278 18.13 50.13
0.616667 18.14 50.21
0.618056 18.16 50.29
0.619444 18.17 50.42
0.620833 18.19 50.44
0.622222 18.21 50.44
0.623611 18.23 50.46
0.625 18.23 50.52
0.626389 18.24 50.60
0.627778 18.25 50.69
0.629167 18.26 50.71
0.630556 18.26 50.77
0.631944 18.28 50.91
0.633333 18.28 50.95
0.634722 18.30 51.02
0.636111 18.30 51.08
0.6375 18.31 51.15
0.638889 18.32 51.17
0.640278 18.33 51.14
0.641667 18.33 51.24
0.643056 18.35 51.28
0.644444 18.34 51.24
0.645833 18.35 51.30
0.647222 18.36 51.48
0.648611 18.37 51.58
0.65 18.38 51.62
0.651389 18.39 51.68
0.652778 18.39 51.72
0.654167 18.40 51.75
0.655556 18.41 51.80
0.656944 18.41 51.82
0.658333 18.42 51.86
0.659722 18.43 51.84
0.661111 18.43 51.86
0.6625 18.45 51.93
0.663889 18.46 52.00
0.665278 18.46 52.07
0.666667 18.46 52.05
0.668056 18.47 52.15
0.669444 18.47 52.20
0.670833 18.48 52.33
0.672222 18.48 52.36
0.673611 18.49 52.39
0.675 18.50 52.42
0.676389 18.49 52.44
0.677778 18.51 52.44
0.679167 18.52 52.45
0.680556 18.52 52.44
0.681944 18.52 52.45
0.683333 18.53 52.37
0.684722 18.53 52.42
0.686111 18.54 52.44
0.6875 18.54 52.48
0.688889 18.54 52.54
0.690278 18.55 52.63
0.691667 18.55 52.70
0.693056 18.55 52.74
0.694444 18.56 52.75
0.695833 18.55 52.78
0.697222 18.57 52.79
0.698611 18.57 52.94
0.7 18.57 53.05
0.701389 18.59 53.11
0.702778 18.58 53.17
0.704167 18.59 53.15
0.705556 18.59 53.12
0.706944 18.59 53.17
0.708333 18.60 53.20
0.709722 18.60 53.25
0.711111 18.60 53.35
0.7125 18.61 53.40
0.713889 18.61 53.54
0.715278 18.62 53.56
0.716667 18.62 53.63
0.718056 18.63 53.56
0.719444 18.62 53.53
0.720833 18.63 53.62
0.722222 18.63 53.65
0.723611 18.63 53.68
0.725 18.64 53.68
0.726389 18.63 53.71
0.727778 18.64 53.72
0.729167 18.63 53.86
0.730556 18.64 53.88
0.731944 18.64 53.91
0.733333 18.65 53.92
0.734722 18.65 53.87
0.736111 18.65 53.78
0.7375 18.66 53.75
0.738889 18.66 53.77
0.740278 18.66 53.77
0.741667 18.66 53.85
0.743056 18.66 53.88
0.744444 18.67 53.91
0.745833 18.67 53.92
0.747222 18.67 53.98
0.748611 18.68 54.07
0.75 18.68 54.17
0.751389 18.67 54.22
0.752778 18.68 54.26
0.754167 18.68 54.23
0.755556 18.68 54.22
0.756944 18.69 54.27
0.758333 18.69 54.36
0.759722 18.69 54.44
0.761111 18.69 54.48
0.7625 18.69 54.43
0.763889 18.70 54.51
0.765278 18.70 54.61
0.766667 18.70 54.57
0.768056 18.70 54.61
0.769444 18.70 54.63
0.770833 18.70 54.70
0.772222 18.71 54.76
0.773611 18.70 54.74
0.775 18.71 54.76
0.776389 18.71 54.76
0.777778 18.71 54.71
0.779167 18.71 54.69
0.780556 18.72 54.62
0.781944 18.71 54.66
0.783333 18.72 54.85
0.784722 18.72 54.92
0.786111 18.73 54.93
0.7875 18.72 55.00
0.788889 18.73 55.10
0.790278 18.73 55.12
0.791667 18.72 55.15
0.793056 18.73 55.22
0.794444 18.73 55.18
0.795833 18.73 55.17
0.797222 18.73 55.15
0.798611 18.74 55.14
0.8 18.73 55.19
0.801389 18.74 55.29
0.802778 18.74 55.34
0.804167 18.73 55.31
0.805556 18.73 55.29
0.806944 18.74 55.35
0.808333 18.74 55.41
0.809722 18.74 55.42
0.811111 18.74 55.44
0.8125 18.75 55.43
0.813889 18.74 55.49
0.815278 18.75 55.50
0.816667 18.75 55.53
0.818056 18.76 55.52
0.819444 18.76 55.52
0.820833 18.76 55.45
0.822222 18.74 55.43
0.823611 18.77 55.42
0.825 18.76 55.50
0.826389 18.76 55.57
0.827778 18.76 55.56
0.829167 18.76 55.56
0.830556 18.77 55.61
0.831944 18.78 55.67
0.833333 18.77 55.73
0.834722 18.77 55.73
0.836111 18.77 55.76
0.8375 18.78 55.82
0.838889 18.78 55.90
0.840278 18.77 55.94
0.841667 18.78 56.01
0.843056 18.79 56.01
0.844444 18.79 55.98
0.845833 18.78 55.97
0.847222 18.78 55.97
0.848611 18.79 55.97
0.85 18.79 55.93
0.851389 18.79 55.92
0.852778 18.79 55.96
0.854167 18.79 56.05
0.855556 18.81 56.09
0.856944 18.81 56.15
0.858333 18.81 56.13
0.859722 18.79 56.15
0.861111 18.81 56.21
0.8625 18.81 56.24
0.863889 18.81 56.24
0.865278 18.81 56.26
0.866667 18.81 56.27
0.868056 18.80 56.30
0.869444 18.81 56.30
0.870833 18.81 56.28
0.872222 18.81 56.30
0.873611 18.81 56.37
0.875 18.81 56.37
0.876389 18.80 56.33
0.877778 18.81 56.36
0.879167 18.81 56.48
0.880556 18.82 56.48
0.881944 18.82 56.50
0.883333 18.81 56.52
0.884722 18.82 56.54
0.886111 18.82 56.57
0.8875 18.82 56.64
0.888889 18.83 56.65
0.890278 18.83 56.71
0.891667 18.82 56.71
0.893056 18.82 56.70
0.894444 18.83 56.68
0.895833 18.83 56.70
0.897222 18.83 56.75
0.898611 18.83 56.71
0.9 18.82 56.72
0.901389 18.84 56.76
0.902778 18.84 56.77
0.904167 18.83 56.75
0.905556 18.84 56.87
0.906944 18.83 56.89
0.908333 18.83 56.84
0.909722 18.83 56.87
0.911111 18.83 56.92
0.9125 18.84 56.90
0.913889 18.83 56.87
0.915278 18.83 56.92
0.916667 18.84 56.94
0.918056 18.84 56.96
0.919444 18.84 56.97
0.920833 18.83 57.01
0.922222 18.84 57.01
0.923611 18.84 57.03
0.925 18.85 57.01
0.926389 18.85 57.01
0.927778 18.85 57.05
0.929167 18.85 57.08
0.930556 18.85 57.10
0.931944 18.85 57.11
0.933333 18.86 57.11
0.934722 18.87 57.13
0.936111 18.86 57.15
0.9375 18.85 57.16
0.938889 18.84 57.18
0.940278 18.85 57.21
0.941667 18.85 57.19
0.943056 18.86 57.27
0.944444 18.85 57.30
0.945833 18.85 57.29
0.947222 18.85 57.25
0.948611 18.85 57.30
0.95 18.86 57.29
0.951389 18.85 57.29
0.952778 18.86 57.31
0.954167 18.86 57.32
0.955556 18.87 57.33
0.956944 18.86 57.35
0.958333 18.86 57.41
0.959722 18.86 57.47
0.961111 18.86 57.50
0.9625 18.88 57.49
0.963889 18.86 57.54
0.965278 18.86 57.58
0.966667 18.87 57.58
0.968056 18.86 57.59
0.969444 18.86 57.64
0.970833 18.86 57.66
0.972222 18.86 57.68
0.973611 18.87 57.62
0.975 18.86 57.59
0.976389 18.86 57.56
0.977778 18.86 57.59
0.979167 18.87 57.61
0.980556 18.87 57.65
0.981944 18.87 57.69
0.983333 18.86 57.75
0.984722 18.87 57.75
0.986111 18.86 57.74
0.9875 18.87 57.71
0.988889 18.87 57.73
0.990278 18.87 57.75
0.991667 18.87 57.76
0.993056 18.88 57.77
0.994444 18.88 57.80
0.995833 18.88 57.82
0.997222 18.88 57.86
0.998611 18.89 57.88
1 18.88 57.83
1.00139 18.88 57.83
1.00278 18.88 57.83
1.00417 18.88 57.88
1.00556 18.88 57.92
1.00694 18.88 57.95
1.00833 18.88 57.96
1.00972 18.89 57.98
1.01111 18.89 58.01
1.0125 18.89 58.00
1.01389 18.89 58.01
1.01528 18.89 58.03
1.01667 18.89 58.08
1.01806 18.90 58.09
1.01944 18.89 58.05
1.02083 18.89 58.09
1.02222 18.90 58.08
1.02361 18.89 58.04
1.025 18.89 58.02
1.02639 18.89 58.06
1.02778 18.89 58.07
1.02917 18.89 58.07
1.03056 18.90 58.12
1.03194 18.89 58.15
1.03333 18.89 58.18
1.03472 18.90 58.16
1.03611 18.90 58.17
1.0375 18.90 58.16
1.03889 18.90 58.19
1.04028 18.89 58.19
1.04167 18.89 58.22
1.04306 18.90 58.26
1.04444 18.90 58.26
1.04583 18.90 58.24
1.04722 18.90 58.27
1.04861 18.90 58.34
1.05 18.89 58.32
1.05139 18.90 58.39
1.05278 18.90 58.36
1.05417 18.90 58.35
1.05556 18.91 58.38
1.05694 18.90 58.40
1.05833 18.90 58.40
1.05972 18.91 58.42
1.06111 18.91 58.41
1.0625 18.90 58.42
1.06389 18.90 58.44
1.06528 18.91 58.45
1.06667 18.90 58.45
1.06806 18.91 58.50
1.06944 18.91 58.52
1.07083 18.91 58.52
1.07222 18.91 58.48
1.07361 18.91 58.46
1.075 18.91 58.51
1.07639 18.92 58.56
1.07778 18.92 58.59
1.07917 18.91 58.60
1.08056 18.91 58.59
1.08194 18.91 58.60
1.08333 18.92 58.53
1.08472 18.92 58.57
1.08611 18.91 58.57
1.0875 18.91 58.61
1.08889 18.92 58.63
1.09028 18.92 58.71
1.09167 18.92 58.71
1.09306 18.91 58.74
1.09444 18.92 58.74
1.09583 18.93 58.74
1.09722 18.92 58.73
1.09861 18.92 58.73
1.1 18.92 58.71
1.10139 18.93 58.72
1.10278 18.93 58.74
1.10417 18.92 58.76
1.10556 18.93 58.76
1.10694 18.92 58.79
1.10833 18.92 58.79
1.10972 18.92 58.79
1.11111 18.92 58.86
1.1125 18.92 58.88
1.11389 18.92 58.86
1.11528 18.92 58.84
1.11667 18.93 58.84
1.11806 18.93 58.84
1.11944 18.93 58.86
1.12083 18.93 58.86
1.12222 18.93 58.87
1.12361 18.93 58.90
1.125 18.93 58.90
1.12639 18.93 58.90
1.12778 18.93 58.97
1.12917 18.93 59.02
1.13056 18.92 59.04
1.13194 18.93 59.01
1.13333 18.93 59.00
1.13472 18.92 59.05
1.13611 18.92 59.04
1.1375 18.92 59.07
1.13889 18.93 59.13
1.14028 18.93 59.16
1.14167 18.93 59.15
1.14306 18.94 59.13
1.14444 18.93 59.13
1.14583 18.93 59.13
1.14722 18.94 59.11
1.14861 18.94 59.07
1.15 18.93 59.07
1.15139 18.93 59.10
1.15278 18.93 59.11
1.15417 18.94 59.13
1.15556 18.94 59.15
1.15694 18.93 59.14
1.15833 18.93 59.14
1.15972 18.93 59.14
1.16111 18.93 59.12
1.1625 18.94 59.14
1.16389 18.94 59.20
1.16528 18.94 59.23
1.16667 18.94 59.28
1.16806 18.94 59.32
1.16944 18.93 59.31
1.17083 18.94 59.31
1.17222 18.93 59.30
1.17361 18.93 59.29
1.175 18.94 59.28
1.17639 18.94 59.31
1.17778 18.93 59.34
1.17917 18.93 59.35
1.18056 18.94 59.34
1.18194 18.95 59.32
1.18333 18.95 59.34
1.18472 18.94 59.35
1.18611 18.94 59.35
1.1875 18.95 59.41
1.18889 18.93 59.43
1.19028 18.94 59.41
1.19167 18.94 59.44
1.19306 18.95 59.45
1.19444 18.94 59.42
1.19583 18.96 59.41
1.19722 18.95 59.43
1.19861 18.95 59.45
1.2 18.95 59.46
1.20139 18.95 59.47
1.20278 18.96 59.49
1.20417 18.95 59.51
1.20556 18.96 59.51
1.20694 18.96 59.50
1.20833 18.96 59.50
1.20972 18.96 59.52
1.21111 18.96 59.52
1.2125 18.95 59.51
1.21389 18.94 59.53
1.21528 18.96 59.52
1.21667 18.96 59.55
1.21806 18.95 59.57
1.21944 18.96 59.62
1.22083 18.95 59.62
1.22222 18.96 59.58
1.22361 18.97 59.59
1.225 18.97 59.62
1.22639 18.96 59.64
1.22778 18.96 59.66
1.22917 18.96 59.68
1.23056 18.95 59.71
1.23194 18.95 59.74
1.23333 18.97 59.72
1.23472 18.96 59.72
1.23611 18.96 59.75
1.2375 18.97 59.75
1.23889 18.95 59.79
1.24028 18.96 59.78
1.24167 18.95 59.75
1.24306 18.96 59.73
1.24444 18.95 59.72
1.24583 18.96 59.73
1.24722 18.96 59.72
1.24861 18.96 59.72
1.25 18.96 59.69
1.25139 18.96 59.72
1.25278 18.96 59.74
1.25417 18.97 59.80
1.25556 18.97 59.81
1.25694 18.97 59.81
1.25833 18.97 59.82
1.25972 18.97 59.81
1.26111 18.96 59.76
1.2625 18.97 59.77
1.26389 18.96 59.79
1.26528 18.97 59.83
1.26667 18.97 59.86
1.26806 18.97 59.86
1.26944 18.97 59.83
1.27083 18.97 59.85
1.27222 18.97 59.86
1.27361 18.97 59.86
1.275 18.97 59.89
1.27639 18.97 59.92
1.27778 18.98 59.91
1.27917 18.97 59.92
1.28056 18.97 59.92
1.28194 18.97 59.90
1.28333 18.98 59.92
1.28472 18.98 59.92
1.28611 18.96 59.94
1.2875 18.97 59.93
1.28889 18.98 59.96
1.29028 18.98 59.96
1.29167 18.98 59.96
1.29306 18.98 59.98
1.29444 18.98 59.99
1.29583 18.98 60.00
1.29722 18.98 60.01
1.29861 18.98 60.02
1.3 18.99 60.05
1.30139 18.98 60.09
1.30278 18.99 60.06
1.30417 18.99 60.06
1.30556 18.99 60.07
1.30694 18.99 60.06
1.30833 18.99 60.06
1.30972 18.99 60.06
1.31111 19.00 60.08
1.3125 18.99 60.09
1.31389 18.99 60.06
1.31528 18.99 60.12
1.31667 18.98 60.15
1.31806 18.98 60.14
1.31944 18.98 60.17
1.32083 18.99 60.19
1.32222 18.99 60.20
1.32361 18.98 60.20
1.325 18.98 60.22
1.32639 18.98 60.21
1.32778 18.98 60.21
1.32917 18.99 60.22
1.33056 18.99 60.22
1.33194 18.98 60.22
1.33333 18.99 60.22
1.33472 18.99 60.23
1.33611 18.99 60.23
1.3375 18.99 60.21
1.33889 18.98 60.22
1.34028 18.99 60.21
1.34167 18.98 60.20
1.34306 18.98 60.24
1.34444 18.99 60.24
1.34583 18.99 60.25
1.34722 18.99 60.27
1.34861 18.99 60.26
1.35 18.99 60.31
1.35139 18.99 60.33
1.35278 18.99 60.30
1.35417 18.99 60.32
1.35556 19.00 60.34
1.35694 18.99 60.33
1.35833 19.00 60.35
1.35972 19.00 60.33
1.36111 18.99 60.33
1.3625 19.00 60.35
1.36389 18.99 60.38
1.36528 18.99 60.36
1.36667 18.99 60.38
1.36806 18.99 60.39
1.36944 19.00 60.40
1.37083 18.99 60.40
1.37222 19.00 60.40
1.37361 18.99 60.40
1.375 18.99 60.41
1.37639 19.00 60.40
1.37778 18.99 60.41
1.37917 19.00 60.45
1.38056 19.00 60.46
1.38194 19.00 60.48
1.38333 18.99 60.47
1.38472 18.99 60.47
1.38611 19.00 60.51
1.3875 18.99 60.52
1.38889 18.99 60.54
1.39028 19.00 60.53
1.39167 18.99 60.53
1.39306 19.00 60.55
1.39444 19.00 60.55
1.39583 19.01 60.58
1.39722 19.01 60.54
1.39861 19.00 60.56
1.4 19.00 60.56
1.40139 19.00 60.56
1.40278 19.00 60.57
1.40417 19.00 60.57
1.40556 19.00 60.57
1.40694 19.00 60.56
1.40833 19.01 60.58
1.40972 19.00 60.60
1.41111 19.00 60.61
1.4125 19.00 60.62
1.41389 19.01 60.62
1.41528 19.01 60.62
1.41667 19.01 60.64
1.41806 19.01 60.65
1.41944 19.01 60.63
1.42083 19.01 60.65
1.42222 19.01 60.65
1.42361 19.01 60.68
1.425 19.01 60.70
1.42639 19.01 60.69
1.42778 19.00 60.65
1.42917 19.01 60.67
1.43056 19.01 60.68
1.43194 19.01 60.70
1.43333 19.00 60.72
1.43472 19.01 60.73
1.43611 19.01 60.74
1.4375 19.02 60.73
1.43889 19.01 60.76
1.44028 19.01 60.77
1.44167 19.01 60.76
1.44306 19.01 60.76
1.44444 19.02 60.78
1.44583 19.02 60.77
1.44722 19.01 60.80
1.44861 19.02 60.81
1.45 19.01 60.82
1.45139 19.01 60.81
1.45278 19.00 60.81
1.45417 19.01 60.81
1.45556 19.01 60.82
1.45694 19.00 60.83
1.45833 19.00 60.84
1.45972 19.01 60.83
1.46111 19.00 60.84
1.4625 19.01 60.84
1.46389 19.01 60.84
1.46528 19.01 60.84
1.46667 19.01 60.86
1.46806 19.01 60.86
1.46944 19.01 60.86
1.47083 19.00 60.89
1.47222 19.00 60.89
1.47361 19.01 60.91
1.475 19.01 60.92
1.47639 19.01 60.91
1.47778 19.01 60.94
1.47917 19.01 60.93
1.48056 19.01 60.93
