0.00138889 22.67 93.74
0.00277778 18.49 71.80
0.00416667 18.47 71.85
0.00555556 18.45 71.92
0.00694444 18.42 72.01
0.00833333 18.41 72.09
0.00972222 18.39 72.18
0.0111111 18.36 72.28
0.0125 18.34 72.35
0.0138889 18.31 72.37
0.0152778 18.30 72.46
0.0166667 18.28 72.57
0.0180556 18.26 72.65
0.0194444 18.25 72.75
0.0208333 18.23 72.80
0.0222222 18.21 72.89
0.0236111 18.20 72.93
0.025 18.17 72.99
0.0263889 18.16 73.07
0.0277778 18.14 73.12
0.0291667 18.12 73.16
0.0305556 18.11 73.18
0.0319444 18.08 73.25
0.0333333 18.07 73.34
0.0347222 18.05 73.48
0.0361111 18.04 73.62
0.0375 18.02 73.65
0.0388889 18.01 73.70
0.0402778 18.01 73.76
0.0416667 17.99 73.86
0.0430556 17.98 73.90
0.0444444 17.98 73.98
0.0458333 17.95 74.01
0.0472222 17.95 74.07
0.0486111 17.94 74.10
0.05 17.92 74.13
0.0513889 17.92 74.20
0.0527778 17.90 74.23
0.0541667 17.89 74.29
0.0555556 17.88 74.31
0.0569444 17.88 74.35
0.0583333 17.86 74.37
0.0597222 17.84 74.44
0.0611111 17.84 74.49
0.0625 17.84 74.50
0.0638889 17.82 74.52
0.0652778 17.81 74.59
0.0666667 17.80 74.59
0.0680556 17.79 74.63
0.0694444 17.77 74.67
0.0708333 17.76 74.73
0.0722222 17.76 74.78
0.0736111 17.74 74.85
0.075 17.73 74.89
0.0763889 17.72 74.92
0.0777778 17.73 74.98
0.0791667 17.71 75.01
0.0805556 17.71 75.05
0.0819444 17.72 75.08
0.0833333 17.70 75.13
0.0847222 17.70 75.14
0.0861111 17.69 75.17
0.0875 17.68 75.21
0.0888889 17.67 75.24
0.0902778 17.67 75.27
0.0916667 17.66 75.28
0.0930556 17.64 75.32
0.0944444 17.64 75.40
0.0958333 17.63 75.43
0.0972222 17.62 75.42
0.0986111 17.61 75.46
0.1 17.61 75.48
0.101389 17.60 75.52
0.102778 17.61 75.58
0.104167 17.59 75.58
0.105556 17.58 75.59
0.106944 17.59 75.63
0.108333 17.57 75.67
0.109722 17.57 75.66
0.111111 17.57 75.67
0.1125 17.54 75.78
0.113889 17.54 75.81
0.115278 17.53 75.84
0.116667 17.53 75.83
0.118056 17.52 75.86
0.119444 17.52 75.90
0.120833 17.51 75.92
0.122222 17.51 75.96
0.123611 17.50 75.96
0.125 17.49 75.99
0.126389 17.49 76.02
0.127778 17.49 76.03
0.129167 17.48 76.07
0.130556 17.47 76.07
0.131944 17.47 76.12
0.133333 17.47 76.16
0.134722 17.47 76.20
0.136111 17.46 76.20
0.1375 17.46 76.23
0.138889 17.45 76.23
0.140278 17.44 76.26
0.141667 17.43 76.28
0.143056 17.43 76.31
0.144444 17.42 76.31
0.145833 17.42 76.36
0.147222 17.42 76.38
0.148611 17.42 76.40
0.15 17.40 76.45
0.151389 17.40 76.46
0.152778 17.40 76.51
0.154167 17.39 76.53
0.155556 17.40 76.53
0.156944 17.39 76.48
0.158333 17.38 76.49
0.159722 17.38 76.56
0.161111 17.38 76.59
0.1625 17.37 76.60
0.163889 17.37 76.66
0.165278 17.36 76.69
0.166667 17.36 76.69
0.168056 17.36 76.68
0.169444 17.35 76.70
0.170833 17.34 76.72
0.172222 17.35 76.79
0.173611 17.33 76.80
0.175 17.33 76.83
0.176389 17.33 76.83
0.177778 17.33 76.87
0.179167 17.33 76.88
0.180556 17.31 76.88
0.181944 17.31 76.90
0.183333 17.31 76.91
0.184722 17.30 76.94
0.186111 17.30 76.96
0.1875 17.30 76.94
0.188889 17.29 76.99
0.190278 17.29 77.01
0.191667 17.28 77.04
0.193056 17.28 77.08
0.194444 17.28 77.12
0.195833 17.28 77.11
0.197222 17.27 77.12
0.198611 17.28 77.17
0.2 17.28 77.15
0.201389 17.29 77.14
0.202778 17.29 77.13
0.204167 17.28 77.13
0.205556 17.27 77.12
0.206944 17.27 77.12
0.208333 17.27 77.19
0.209722 17.25 77.20
0.211111 17.26 77.22
0.2125 17.26 77.26
0.213889 17.26 77.24
0.215278 17.26 77.22
0.216667 17.25 77.27
0.218056 17.24 77.31
0.219444 17.25 77.34
0.220833 17.25 77.36
0.222222 17.24 77.38
0.223611 17.24 77.38
0.225 17.23 77.36
0.226389 17.23 77.36
0.227778 17.22 77.33
0.229167 17.21 77.33
0.230556 17.20 77.39
0.231944 17.20 77.47
0.233333 17.20 77.48
0.234722 17.20 77.54
0.236111 17.21 77.58
0.2375 17.19 77.58
0.238889 17.21 77.59
0.240278 17.20 77.61
0.241667 17.21 77.59
0.243056 17.21 77.61
0.244444 17.20 77.64
0.245833 17.20 77.62
0.247222 17.19 77.58
0.248611 17.18 77.58
0.25 17.18 77.64
0.251389 17.16 77.66
0.252778 17.18 77.67
0.254167 17.17 77.70
0.255556 17.18 77.73
0.256944 17.16 77.72
0.258333 17.16 77.75
0.259722 17.17 77.79
0.261111 17.16 77.82
0.2625 17.15 77.78
0.263889 17.15 77.80
0.265278 17.15 77.83
0.266667 17.13 77.83
0.268056 17.14 77.87
0.269444 17.14 77.88
0.270833 17.12 77.92
0.272222 17.14 77.92
0.273611 17.14 77.92
0.275 17.12 77.93
0.276389 17.12 77.95
0.277778 17.11 77.96
0.279167 17.11 77.99
0.280556 17.11 78.02
0.281944 17.11 78.03
0.283333 17.10 78.01
0.284722 17.11 78.03
0.286111 17.11 78.05
0.2875 17.11 78.08
0.288889 17.10 78.10
0.290278 17.11 78.10
0.291667 17.10 78.11
0.293056 17.11 78.13
0.294444 17.11 78.14
0.295833 17.11 78.14
0.297222 17.11 78.14
0.298611 17.12 78.14
0.3 17.11 78.14
0.301389 17.11 78.15
0.302778 17.11 78.17
0.304167 17.10 78.18
0.305556 17.10 78.18
0.306944 17.10 78.15
0.308333 17.10 78.15
0.309722 17.09 78.18
0.311111 17.09 78.21
0.3125 17.09 78.23
0.313889 17.09 78.26
0.315278 17.08 78.27
0.316667 17.08 78.28
0.318056 17.08 78.27
0.319444 17.09 78.31
0.320833 17.08 78.34
0.322222 17.08 78.33
0.323611 17.09 78.32
0.325 17.10 78.30
0.326389 17.09 78.24
0.327778 17.09 78.30
0.329167 17.08 78.30
0.330556 17.08 78.30
0.331944 17.08 78.31
0.333333 17.08 78.35
0.334722 17.06 78.36
0.336111 17.06 78.36
0.3375 17.06 78.38
0.338889 17.06 78.39
0.340278 17.08 78.40
0.341667 17.08 78.38
0.343056 17.06 78.37
0.344444 17.06 78.42
0.345833 17.07 78.43
0.347222 17.07 78.48
0.348611 17.06 78.45
0.35 17.08 78.45
0.351389 17.07 78.42
0.352778 17.07 78.45
0.354167 17.08 78.44
0.355556 17.05 78.48
0.356944 17.06 78.48
0.358333 17.05 78.49
0.359722 17.05 78.43
0.361111 17.05 78.46
0.3625 17.05 78.49
0.363889 17.05 78.49
0.365278 17.05 78.50
0.366667 17.04 78.52
0.368056 17.04 78.54
0.369444 17.04 78.54
0.370833 17.04 78.55
0.372222 17.03 78.53
0.373611 17.04 78.56
0.375 17.04 78.55
0.376389 17.03 78.59
0.377778 17.04 78.61
0.379167 17.04 78.59
0.380556 17.03 78.59
0.381944 17.04 78.59
0.383333 17.03 78.58
0.384722 17.03 78.62
0.386111 17.04 78.60
0.3875 17.03 78.61
0.388889 17.04 78.62
0.390278 17.03 78.60
0.391667 17.04 78.60
0.393056 17.05 78.62
0.394444 17.04 78.62
0.395833 17.02 78.60
0.397222 17.03 78.63
0.398611 17.01 78.66
0.4 17.01 78.68
0.401389 17.01 78.70
0.402778 17.01 78.73
0.404167 17.01 78.73
0.405556 17.02 78.72
0.406944 17.02 78.72
0.408333 17.03 78.74
0.409722 17.02 78.73
0.411111 17.02 78.74
0.4125 17.03 78.73
0.413889 17.02 78.68
0.415278 17.01 78.57
0.416667 17.01 78.62
0.418056 17.01 78.67
0.419444 17.00 78.71
0.420833 17.00 78.68
0.422222 17.00 78.69
0.423611 17.00 78.72
0.425 17.00 78.79
0.426389 16.99 78.82
0.427778 16.98 78.83
0.429167 17.00 78.83
0.430556 16.99 78.86
0.431944 17.00 78.86
0.433333 16.99 78.86
0.434722 16.99 78.89
0.436111 17.00 78.89
0.4375 17.00 78.88
0.438889 16.99 78.85
0.440278 16.99 78.85
0.441667 16.99 78.86
0.443056 16.99 78.89
0.444444 16.99 78.89
0.445833 17.00 78.89
0.447222 17.00 78.92
0.448611 17.01 78.90
0.45 17.00 78.89
0.451389 17.00 78.88
0.452778 16.99 78.88
0.454167 17.00 78.88
0.455556 16.99 78.89
0.456944 16.98 78.91
0.458333 16.99 78.93
0.459722 16.99 78.92
0.461111 16.99 78.92
0.4625 16.99 78.89
0.463889 16.99 78.91
0.465278 16.99 78.92
0.466667 16.98 78.95
0.468056 16.97 78.95
0.469444 16.98 78.96
0.470833 16.97 78.98
0.472222 16.97 79.03
0.473611 16.97 79.02
0.475 16.97 79.04
0.476389 16.98 79.05
0.477778 16.97 79.05
0.479167 16.97 79.06
0.480556 16.96 79.06
0.481944 16.97 79.06
0.483333 16.97 79.06
0.484722 16.97 79.06
0.486111 16.97 79.08
0.4875 16.98 79.08
0.488889 16.98 79.08
0.490278 16.99 79.07
0.491667 16.98 79.05
0.493056 16.97 79.05
0.494444 16.97 79.06
0.495833 16.96 79.06
0.497222 16.97 79.08
0.498611 16.97 79.09
0.5 16.96 79.10
0.501389 16.96 79.08
0.502778 16.95 78.96
0.504167 16.95 78.72
0.505556 16.95 78.93
0.506944 16.94 78.89
0.508333 16.95 78.89
0.509722 16.94 78.92
0.511111 16.94 76.24
0.5125 16.91 73.89
0.513889 16.90 70.49
0.515278 16.87 68.41
0.516667 16.83 67.57
0.518056 16.81 68.63
0.519444 16.78 69.59
0.520833 16.77 68.39
0.522222 16.75 68.84
0.523611 16.74 69.24
0.525 16.72 67.46
0.526389 16.70 65.63
0.527778 16.70 65.18
0.529167 16.68 64.58
0.530556 16.68 64.44
0.531944 16.65 64.50
0.533333 16.64 64.10
0.534722 16.62 62.82
0.536111 16.60 61.68
0.5375 16.57 60.73
0.538889 16.55 61.56
0.540278 16.54 62.51
0.541667 16.53 62.43
0.543056 16.53 62.66
0.544444 16.51 61.68
0.545833 16.48 60.14
0.547222 16.47 59.66
0.548611 16.46 58.95
0.55 16.43 58.54
0.551389 16.42 58.34
0.552778 16.40 59.23
0.554167 16.38 59.86
0.555556 16.38 60.37
0.556944 16.36 60.44
0.558333 16.37 60.72
0.559722 16.37 60.66
0.561111 16.35 59.04
0.5625 16.32 58.54
0.563889 16.30 57.64
0.565278 16.28 56.92
0.566667 16.25 56.75
0.568056 16.23 56.83
0.569444 16.22 57.14
0.570833 16.20 57.71
0.572222 16.20 57.71
0.573611 16.19 57.69
0.575 16.18 57.78
0.576389 16.17 57.65
0.577778 16.16 59.04
0.579167 16.16 59.71
0.580556 16.15 60.81
0.581944 16.14 61.70
0.583333 16.13 61.31
0.584722 16.13 61.77
0.586111 16.17 62.11
0.5875 16.16 62.60
0.588889 16.17 62.84
0.590278 16.16 62.91
0.591667 16.17 63.35
0.593056 16.17 63.77
0.594444 16.18 63.33
0.595833 16.19 62.01
0.597222 16.19 62.77
0.598611 16.19 63.08
0.6 16.18 62.20
0.601389 16.18 61.89
0.602778 16.18 61.85
0.604167 16.19 62.06
0.605556 16.19 62.37
0.606944 16.19 62.76
0.608333 16.19 63.44
0.609722 16.19 64.58
0.611111 16.19 65.71
0.6125 16.19 66.54
0.613889 16.19 67.25
0.615278 16.20 67.71
0.616667 16.19 67.98
0.618056 16.20 68.39
0.619444 16.22 68.80
0.620833 16.21 69.02
0.622222 16.21 68.59
0.623611 16.21 68.55
0.625 16.20 69.00
0.626389 16.21 69.43
0.627778 16.21 69.60
0.629167 16.20 69.70
0.630556 16.24 69.73
0.631944 16.26 69.75
0.633333 16.27 69.74
0.634722 16.27 69.85
0.636111 16.28 69.77
0.6375 16.28 69.74
0.638889 16.29 69.72
0.640278 16.29 69.83
0.641667 16.30 69.94
0.643056 16.30 69.96
0.644444 16.30 70.03
0.645833 16.30 70.15
0.647222 16.30 70.26
0.648611 16.30 70.31
0.65 16.30 70.39
0.651389 16.31 70.41
0.652778 16.32 70.39
0.654167 16.31 70.43
0.655556 16.31 70.56
0.656944 16.32 70.66
0.658333 16.31 70.78
0.659722 16.31 70.98
0.661111 16.31 70.97
0.6625 16.30 70.93
0.663889 16.31 71.11
0.665278 16.31 71.27
0.666667 16.31 71.34
0.668056 16.30 71.49
0.669444 16.31 71.45
0.670833 16.32 71.36
0.672222 16.32 71.53
0.673611 16.32 71.60
0.675 16.32 71.48
0.676389 16.32 71.38
0.677778 16.35 71.26
0.679167 16.34 71.40
0.680556 16.35 71.30
0.681944 16.35 71.27
0.683333 16.35 71.30
0.684722 16.35 71.27
0.686111 16.37 71.27
0.6875 16.37 71.27
0.688889 16.38 71.28
0.690278 16.37 71.30
0.691667 16.37 71.32
0.693056 16.37 71.32
0.694444 16.38 71.47
0.695833 16.37 71.66
0.697222 16.37 71.61
0.698611 16.37 71.66
0.7 16.39 71.59
0.701389 16.37 71.58
0.702778 16.37 71.55
0.704167 16.39 71.61
0.705556 16.39 71.63
0.706944 16.40 71.63
0.708333 16.40 71.61
0.709722 16.41 71.56
0.711111 16.41 71.63
0.7125 16.41 71.71
0.713889 16.42 71.70
0.715278 16.42 71.70
0.716667 16.41 71.74
0.718056 16.42 71.88
0.719444 16.41 71.95
0.720833 16.41 71.97
0.722222 16.42 71.86
0.723611 16.43 71.71
0.725 16.43 71.69
0.726389 16.44 71.62
0.727778 16.44 71.68
0.729167 16.44 71.74
0.730556 16.44 71.77
0.731944 16.45 71.87
0.733333 16.43 71.86
0.734722 16.43 72.03
0.736111 16.43 72.18
0.7375 16.42 72.21
0.738889 16.43 72.31
0.740278 16.43 72.40
0.741667 16.45 72.50
0.743056 16.46 72.47
0.744444 16.46 71.68
0.745833 16.45 71.47
0.747222 16.46 71.47
0.748611 16.46 71.99
0.75 16.47 72.26
0.751389 16.48 72.54
0.752778 16.49 72.83
0.754167 16.48 72.80
0.755556 16.47 72.59
0.756944 16.46 72.30
0.758333 16.45 71.18
0.759722 16.44 70.65
0.761111 16.44 71.18
0.7625 16.44 71.74
0.763889 16.43 72.14
0.765278 16.43 72.34
0.766667 16.41 70.36
0.768056 16.41 68.08
0.769444 16.41 68.34
0.770833 16.40 66.73
0.772222 16.38 65.78
0.773611 16.35 64.11
0.775 16.34 62.44
0.776389 16.33 62.93
0.777778 16.31 62.81
0.779167 16.31 61.93
0.780556 16.28 60.87
0.781944 16.27 60.51
0.783333 16.25 59.95
0.784722 16.22 59.25
0.786111 16.20 59.91
0.7875 16.19 61.16
0.788889 16.18 60.69
0.790278 16.17 61.29
0.791667 16.17 61.62
0.793056 16.16 61.96
0.794444 16.16 62.70
0.795833 16.16 64.60
0.797222 16.16 64.46
0.798611 16.16 64.53
0.8 16.16 63.57
0.801389 16.15 62.89
0.802778 16.15 64.71
0.804167 16.15 65.15
0.805556 16.15 64.85
0.806944 16.15 64.08
0.808333 16.13 62.18
0.809722 16.13 61.69
0.811111 16.12 61.93
0.8125 16.11 60.82
0.813889 16.10 60.22
0.815278 16.09 60.12
0.816667 16.09 60.16
0.818056 16.09 59.92
0.819444 16.08 60.09
0.820833 16.08 60.62
0.822222 16.08 61.15
0.823611 16.07 61.64
0.825 16.07 62.27
0.826389 16.07 64.59
0.827778 16.07 64.39
0.829167 16.07 64.20
0.830556 16.07 63.67
0.831944 16.07 62.95
0.833333 16.06 62.09
0.834722 16.05 61.13
0.836111 16.03 60.45
0.8375 16.03 60.20
0.838889 16.02 61.43
0.840278 16.02 61.66
0.841667 16.02 61.80
0.843056 16.02 61.61
0.844444 16.02 61.24
0.845833 16.01 60.95
0.847222 16.01 61.83
0.848611 16.02 62.63
0.85 16.02 63.18
0.851389 16.03 63.98
0.852778 16.01 64.40
0.854167 16.02 64.31
0.855556 16.03 64.22
0.856944 16.03 64.26
0.858333 16.03 64.15
0.859722 16.03 64.40
0.861111 16.03 65.18
0.8625 16.03 66.11
0.863889 16.03 67.17
0.865278 16.04 67.91
0.866667 16.04 68.21
0.868056 16.05 68.58
0.869444 16.03 68.76
0.870833 16.04 69.21
0.872222 16.05 69.70
0.873611 16.05 69.92
0.875 16.06 70.89
0.876389 16 
