0.0166667 20.78 67.71
0.0333333 20.78 67.59
0.05 20.79 67.67
0.0666667 20.79 67.49
0.0833333 20.80 67.41
0.1 20.82 67.43
0.116667 20.80 67.44
0.133333 20.82 67.43
0.15 20.79 67.30
0.166667 20.80 67.45
0.183333 20.78 67.42
0.2 20.77 67.54
0.216667 20.77 67.59
0.233333 20.77 67.54
0.25 20.76 67.49
0.266667 20.76 67.62
0.283333 20.76 67.57
0.3 20.76 67.58
0.316667 20.76 67.57
0.333333 20.77 67.60
0.35 20.77 67.54
0.366667 20.77 67.45
0.383333 20.77 67.55
0.4 20.78 67.48
0.416667 20.78 67.49
0.433333 20.79 67.48
0.45 20.77 67.40
0.466667 20.77 67.45
0.483333 20.78 67.42
0.5 20.77 67.48
0.516667 20.78 67.47
0.533333 20.78 67.44
0.55 20.78 67.41
0.566667 20.78 67.44
0.583333 20.78 67.45
0.6 20.78 67.50
0.616667 20.78 67.50
0.633333 20.77 67.45
0.65 20.78 67.49
0.666667 20.78 67.42
0.683333 20.79 67.40
0.7 20.78 67.44
0.716667 20.78 67.55
0.733333 20.77 67.42
0.75 20.77 67.42
0.766667 20.77 67.48
0.783333 20.77 67.46
0.8 20.76 67.44
0.816667 20.77 67.44
0.833333 20.77 67.44
0.85 20.77 67.48
0.866667 20.78 67.48
0.883333 20.77 67.51
0.9 20.76 67.48
0.916667 20.77 67.48
0.933333 20.77 67.41
0.95 20.77 67.45
0.966667 20.78 67.43
0.983333 20.77 67.44
1 20.76 67.49
1.01667 20.77 67.40
1.03333 20.77 67.41
1.05 20.77 67.49
1.06667 20.77 67.41
1.08333 20.75 67.41
1.1 20.76 67.45
1.11667 20.74 67.50
1.13333 20.75 67.52
1.15 20.74 67.56
1.16667 20.75 67.59
1.18333 20.74 67.66
1.2 20.74 67.63
1.21667 20.75 67.62
1.23333 20.74 67.65
1.25 20.74 67.51
1.26667 20.73 67.62
1.28333 20.73 67.73
1.3 20.72 67.73
1.31667 20.73 67.65
1.33333 20.72 67.63
1.35 20.72 67.63
1.36667 20.72 67.64
1.38333 20.72 67.63
1.4 20.72 67.62
1.41667 20.73 67.57
1.43333 20.72 67.62
1.45 20.72 67.88
1.46667 20.70 67.64
1.48333 20.72 67.63
1.5 20.71 67.79
1.51667 20.71 67.71
1.53333 20.71 67.64
1.55 20.70 67.57
1.56667 20.70 67.65
1.58333 20.71 67.76
1.6 20.71 67.60
1.61667 20.71 67.61
1.63333 20.72 67.53
1.65 20.71 67.58
1.66667 20.70 67.84
1.68333 20.70 67.77
1.7 20.70 67.67
1.71667 20.71 67.60
1.73333 20.71 67.63
1.75 20.70 67.60
1.76667 20.70 67.59
1.78333 20.69 67.61
1.8 20.69 67.58
1.81667 20.70 67.63
1.83333 20.71 67.55
1.85 20.71 67.56
1.86667 20.72 67.57
1.88333 20.71 67.41
1.9 20.70 67.58
1.91667 20.71 67.54
1.93333 20.72 67.62
1.95 20.70 67.61
1.96667 20.72 67.51
1.98333 20.72 67.56
2 20.72 67.64
2.01667 20.72 67.56
2.03333 20.72 67.54
2.05 20.70 67.59
2.06667 20.70 67.54
2.08333 20.71 67.36
2.1 20.70 67.58
2.11667 20.69 67.55
2.13333 20.70 67.58
2.15 20.69 67.66
2.16667 20.70 67.70
2.18333 20.69 67.58
2.2 20.70 67.60
2.21667 20.68 67.50
2.23333 20.69 67.47
2.25 20.68 67.60
2.26667 20.69 67.44
2.28333 20.69 67.51
2.3 20.70 67.57
2.31667 20.69 67.61
2.33333 20.69 67.44
2.35 20.68 67.61
2.36667 20.68 67.58
2.38333 20.67 67.52
2.4 20.68 67.55
2.41667 20.68 67.48
2.43333 20.68 67.50
2.45 20.68 67.71
2.46667 20.68 67.52
2.48333 20.69 67.61
2.5 20.68 67.66
2.51667 20.69 67.49
2.53333 20.69 67.67
2.55 20.68 67.65
2.56667 20.67 67.64
2.58333 20.68 67.53
2.6 20.68 67.65
2.61667 20.68 67.55
2.63333 20.69 67.46
2.65 20.69 67.63
2.66667 20.69 67.61
2.68333 20.69 67.69
2.7 20.67 67.71
2.71667 20.67 67.71
2.73333 20.68 67.70
2.75 20.68 67.57
2.76667 20.66 67.60
2.78333 20.66 67.65
2.8 20.66 67.73
2.81667 20.66 67.64
2.83333 20.66 67.62
2.85 20.66 67.53
2.86667 20.67 67.59
2.88333 20.66 67.61
2.9 20.65 67.64
2.91667 20.66 67.81
2.93333 20.65 67.69
2.95 20.66 67.65
2.96667 20.66 67.67
2.98333 20.66 67.76
3 20.66 67.73
3.01667 20.65 67.84
3.03333 20.63 67.80
3.05 20.65 67.89
3.06667 20.65 67.77
3.08333 20.64 67.84
3.1 20.64 67.86
3.11667 20.64 67.94
3.13333 20.63 67.91
3.15 20.63 67.96
3.16667 20.62 67.91
3.18333 20.62 67.98
3.2 20.60 67.95
3.21667 20.61 68.07
3.23333 20.62 67.91
3.25 20.62 67.92
3.26667 20.61 68.01
3.28333 20.60 68.06
3.3 20.61 67.98
3.31667 20.62 68.00
3.33333 20.61 68.00
3.35 20.60 68.05
3.36667 20.60 68.04
3.38333 20.60 68.01
3.4 20.60 68.08
3.41667 20.60 68.07
3.43333 20.58 68.09
3.45 20.57 68.12
3.46667 20.57 68.23
3.48333 20.57 68.18
3.5 20.56 68.04
3.51667 20.56 68.06
3.53333 20.57 67.99
3.55 20.57 68.02
3.56667 20.57 67.98
3.58333 20.58 67.97
3.6 20.57 67.97
3.61667 20.58 68.04
3.63333 20.56 67.99
3.65 20.55 68.05
3.66667 20.56 68.04
3.68333 20.57 67.97
3.7 20.57 67.96
3.71667 20.58 67.99
3.73333 20.57 67.99
3.75 20.56 67.99
3.76667 20.56 67.99
3.78333 20.57 67.99
3.8 20.55 68.11
3.81667 20.56 68.06
3.83333 20.55 68.14
3.85 20.56 68.06
3.86667 20.56 68.07
3.88333 20.53 68.15
3.9 20.54 68.10
3.91667 20.53 68.17
3.93333 20.55 68.17
3.95 20.53 68.15
3.96667 20.54 68.14
3.98333 20.53 68.21
4 20.55 68.19
4.01667 20.54 68.20
4.03333 20.54 68.25
4.05 20.52 68.27
4.06667 20.52 68.27
4.08333 20.51 68.22
4.1 20.54 68.15
4.11667 20.55 68.18
4.13333 20.55 68.15
4.15 20.53 68.29
4.16667 20.52 68.25
4.18333 20.51 68.31
4.2 20.50 68.32
4.21667 20.53 68.31
4.23333 20.51 68.31
4.25 20.51 68.26
4.26667 20.49 68.34
4.28333 20.51 68.26
4.3 20.53 68.28
4.31667 20.52 68.31
4.33333 20.52 68.33
4.35 20.51 68.68
4.36667 20.51 68.36
4.38333 20.53 68.28
4.4 20.52 68.34
4.41667 20.51 68.40
4.43333 20.50 68.39
4.45 20.49 68.39
4.46667 20.50 68.42
4.48333 20.48 68.43
4.5 20.48 68.47
4.51667 20.49 68.42
4.53333 20.50 68.38
4.55 20.49 68.43
4.56667 20.49 68.43
4.58333 20.49 68.38
4.6 20.48 68.41
4.61667 20.49 68.42
4.63333 20.47 68.51
4.65 20.47 68.53
4.66667 20.46 68.48
4.68333 20.48 68.49
4.7 20.47 68.47
4.71667 20.47 68.51
4.73333 20.46 68.49
4.75 20.46 68.46
4.76667 20.46 68.53
4.78333 20.46 68.54
4.8 20.47 68.50
4.81667 20.46 68.55
4.83333 20.46 68.51
4.85 20.45 68.60
4.86667 20.45 68.60
4.88333 20.44 68.56
4.9 20.44 68.59
4.91667 20.44 68.57
4.93333 20.44 68.61
4.95 20.43 68.58
4.96667 20.43 68.60
4.98333 20.43 68.68
5 20.43 68.60
5.01667 20.43 68.63
5.03333 20.42 68.63
5.05 20.43 68.69
5.06667 20.43 68.63
5.08333 20.42 68.63
5.1 20.43 68.63
5.11667 20.42 68.65
5.13333 20.43 68.63
5.15 20.43 68.62
5.16667 20.43 68.66
5.18333 20.42 68.69
5.2 20.41 68.66
5.21667 20.43 68.65
5.23333 20.42 68.67
5.25 20.42 68.70
5.26667 20.41 68.72
5.28333 20.41 68.70
5.3 20.40 68.72
5.31667 20.41 68.72
5.33333 20.41 68.73
5.35 20.40 68.73
5.36667 20.40 68.71
5.38333 20.40 68.66
5.4 20.42 68.67
5.41667 20.43 68.70
5.43333 20.41 68.66
5.45 20.42 68.62
5.46667 20.41 68.67
5.48333 20.41 68.68
5.5 20.41 68.67
5.51667 20.40 68.71
5.53333 20.40 68.70
5.55 20.40 68.67
5.56667 20.40 68.69
5.58333 20.40 68.68
5.6 20.41 68.62
5.61667 20.40 68.64
5.63333 20.41 68.63
5.65 20.40 68.66
5.66667 20.41 68.62
5.68333 20.42 68.66
5.7 20.41 68.67
5.71667 20.42 68.63
5.73333 20.41 68.67
5.75 20.40 68.70
5.76667 20.40 68.66
5.78333 20.41 68.67
5.8 20.40 68.69
5.81667 20.41 68.64
5.83333 20.40 68.70
5.85 20.40 68.71
5.86667 20.40 68.73
5.88333 20.40 68.66
5.9 20.41 68.67
5.91667 20.41 68.65
5.93333 20.42 68.66
5.95 20.41 68.68
5.96667 20.40 68.66
5.98333 20.41 68.65
6 20.40 68.69
6.01667 20.41 68.69
6.03333 20.43 68.56
6.05 20.41 68.65
6.06667 20.40 68.66
6.08333 20.41 68.64
6.1 20.41 68.67
6.11667 20.40 68.70
6.13333 20.41 68.59
6.15 20.41 68.69
6.16667 20.40 68.74
6.18333 20.41 68.69
6.2 20.41 68.72
6.21667 20.41 68.71
6.23333 20.40 68.69
6.25 20.41 68.70
6.26667 20.39 68.73
6.28333 20.39 68.72
6.3 20.40 68.70
6.31667 20.40 68.73
6.33333 20.40 68.71
6.35 20.41 68.65
6.36667 20.40 68.67
6.38333 20.40 68.69
6.4 20.41 68.66
6.41667 20.41 68.65
6.43333 20.40 68.67
6.45 20.41 68.66
6.46667 20.40 68.62
6.48333 20.40 68.67
6.5 20.40 68.67
6.51667 20.39 68.76
6.53333 20.39 68.76
6.55 20.41 68.71
6.56667 20.41 68.68
6.58333 20.41 68.70
6.6 20.39 68.71
6.61667 20.38 68.73
6.63333 20.40 68.74
6.65 20.38 68.78
6.66667 20.37 68.73
6.68333 20.38 68.70
6.7 20.38 68.71
6.71667 20.38 68.73
6.73333 20.39 68.71
6.75 20.38 68.74
6.76667 20.38 68.74
6.78333 20.40 68.69
6.8 20.38 68.71
6.81667 20.40 68.69
6.83333 20.40 68.70
6.85 20.38 68.74
6.86667 20.38 68.75
6.88333 20.39 68.73
6.9 20.38 68.72
6.91667 20.40 68.73
6.93333 20.40 68.74
6.95 20.39 68.70
6.96667 20.40 68.68
6.98333 20.38 68.70
7 20.39 68.64
7.01667 20.40 68.70
7.03333 20.40 68.66
7.05 20.39 68.70
7.06667 20.37 68.71
7.08333 20.37 68.73
7.1 20.36 68.75
7.11667 20.37 68.78
7.13333 20.37 68.77
7.15 20.37 68.82
7.16667 20.37 68.73
7.18333 20.37 68.76
7.2 20.37 68.82
7.21667 20.37 68.75
7.23333 20.37 68.78
7.25 20.37 68.77
7.26667 20.37 68.72
7.28333 20.37 68.72
7.3 20.38 68.78
7.31667 20.37 68.78
7.33333 20.37 68.84
7.35 20.36 68.75
7.36667 20.36 68.82
7.38333 20.37 68.78
7.4 20.36 68.79
7.41667 20.37 68.75
7.43333 20.37 68.97
7.45 20.29 66.28
7.46667 20.04 55.85
7.48333 19.62 52.03
7.5 19.30 51.79
7.51667 19.05 49.96
7.53333 18.81 49.74
7.55 18.61 49.78
7.56667 18.44 49.47
7.58333 18.36 48.81
7.6 18.21 48.88
7.61667 18.11 49.53
7.63333 17.99 48.73
7.65 17.90 49.58
7.66667 17.84 49.84
7.68333 17.71 49.65
7.7 17.56 49.36
7.71667 17.64 50.74
7.73333 17.87 51.45
7.75 18.07 52.06
7.76667 18.26 53.56
7.78333 18.41 53.53
7.8 18.56 55.25
7.81667 18.69 54.89
7.83333 18.80 54.78
7.85 18.92 55.32
7.86667 18.99 55.73
7.88333 19.07 55.65
7.9 19.15 55.61
7.91667 19.21 55.78
7.93333 19.26 55.93
7.95 19.31 56.03
7.96667 19.35 56.42
7.98333 19.41 56.64
8 19.45 57.21
8.01667 19.48 57.57
8.03333 19.51 57.89
8.05 19.54 57.98
8.06667 19.57 58.03
8.08333 19.61 58.21
8.1 19.63 59.20
8.11667 19.65 59.16
8.13333 19.68 59.24
8.15 19.70 59.62
8.16667 19.72 59.85
8.18333 19.74 59.61
8.2 19.77 59.88
8.21667 19.79 59.90
8.23333 19.80 60.11
8.25 19.82 59.75
8.26667 19.84 60.05
8.28333 19.87 60.32
8.3 19.88 60.29
8.31667 19.89 60.41
8.33333 19.91 60.41
8.35 19.92 60.54
8.36667 19.94 60.54
8.38333 19.96 60.63
8.4 19.97 60.73
8.41667 19.98 60.71
8.43333 19.98 60.88
8.45 20.01 60.92
8.46667 20.03 60.88
8.48333 20.03 61.02
8.5 20.05 60.95
8.51667 20.07 61.15
8.53333 20.08 61.16
8.55 20.09 61.20
8.56667 20.10 61.31
8.58333 20.11 61.41
8.6 20.12 61.43
8.61667 20.13 61.45
8.63333 20.13 61.49
8.65 20.15 61.69
8.66667 20.16 61.78
8.68333 20.17 61.85
8.7 20.16 61.91
8.71667 20.17 61.95
8.73333 20.20 61.92
8.75 20.21 62.10
8.76667 20.23 62.10
8.78333 20.25 62.17
8.8 20.25 62.18
8.81667 20.27 62.26
8.83333 20.29 62.33
8.85 20.31 62.22
8.86667 20.33 62.37
8.88333 20.32 62.49
8.9 20.34 62.62
8.91667 20.35 62.55
8.93333 20.36 62.59
8.95 20.39 62.91
8.96667 20.38 62.77
8.98333 20.41 63.10
9 20.42 63.03
9.01667 20.44 62.96
9.03333 20.44 63.29
9.05 20.46 62.74
9.06667 20.47 62.47
9.08333 20.48 62.11
9.1 20.50 61.60
9.11667 20.48 61.36
9.13333 20.47 61.05
9.15 20.45 60.76
9.16667 20.44 60.92
9.18333 20.44 60.76
9.2 20.45 60.82
9.21667 20.45 60.75
9.23333 20.44 60.60
9.25 20.42 60.38
9.26667 20.44 60.54
9.28333 20.43 60.33
9.3 20.43 60.00
9.31667 20.41 59.33
9.33333 20.41 59.72
9.35 20.41 59.37
9.36667 20.42 59.08
9.38333 20.43 59.37
9.4 20.43 58.89
9.41667 20.42 58.82
9.43333 20.43 59.19
9.45 20.42 59.00
9.46667 20.41 59.05
9.48333 20.41 58.27
9.5 20.42 58.35
9.51667 20.42 58.26
9.53333 20.42 58.47
9.55 20.42 58.52
9.56667 20.43 58.30
9.58333 20.43 58.06
9.6 20.43 57.82
9.61667 20.43 57.98
9.63333 20.42 57.86
9.65 20.43 57.45
9.66667 20.42 57.70
9.68333 20.42 57.11
9.7 20.42 57.41
9.71667 20.41 57.25
9.73333 20.42 57.34
9.75 20.42 57.45
9.76667 20.41 57.48
9.78333 20.40 56.96
9.8 20.44 57.61
9.81667 20.48 57.42
9.83333 20.46 57.22
9.85 20.47 57.01
9.86667 20.45 56.87
9.88333 20.48 57.37
9.9 20.47 56.67
9.91667 20.48 56.84
9.93333 20.46 56.97
9.95 20.44 56.85
9.96667 20.43 56.80
9.98333 20.43 56.67
10 20.43 56.80
10.0167 20.42 56.67
10.0333 20.41 56.82
10.05 20.40 56.35
10.0667 20.41 56.53
10.0833 20.39 56.84
10.1 20.40 56.93
10.1167 20.40 56.96
10.1333 20.40 57.15
10.15 20.41 57.18
10.1667 20.41 57.34
10.1833 20.42 57.51
10.2 20.42 57.65
10.2167 20.43 57.63
10.2333 20.43 57.86
10.25 20.46 58.00
10.2667 20.48 57.94
10.2833 20.49 57.96
10.3 20.49 58.14
10.3167 20.47 57.47
10.3333 20.42 56.11
10.35 20.36 55.07
10.3667 20.30 55.00
10.3833 20.24 55.12
10.4 20.18 55.23
10.4167 20.20 55.50
10.4333 20.20 56.01
10.45 20.23 56.21
10.4667 20.28 56.25
10.4833 20.29 56.40
10.5 20.32 56.74
10.5167 20.33 56.79
10.5333 20.36 57.02
10.55 20.38 57.22
10.5667 20.38 57.91
10.5833 20.42 57.58
10.6 20.44 57.10
10.6167 20.42 57.08
10.6333 20.41 57.09
10.65 20.39 57.40
10.6667 20.37 57.49
10.6833 20.37 57.62
10.7 20.36 57.82
10.7167 20.36 57.99
10.7333 20.36 58.06
10.75 20.38 58.07
10.7667 20.40 58.13
10.7833 20.39 58.19
10.8 20.42 58.31
10.8167 20.41 58.23
10.8333 20.41 58.33
10.85 20.42 58.36
10.8667 20.46 58.69
10.8833 20.45 58.52
10.9 20.46 58.47
10.9167 20.48 58.50
10.9333 20.48 58.53
10.95 20.51 58.70
10.9667 20.51 58.62
10.9833 20.53 58.82
11 20.52 58.90
11.0167 20.51 58.88
11.0333 20.53 58.95
11.05 20.56 59.09
11.0667 20.57 58.94
11.0833 20.58 59.09
11.1 20.59 59.13
11.1167 20.58 59.21
11.1333 20.59 59.19
11.15 20.61 59.22
11.1667 20.63 59.45
11.1833 20.64 59.35
11.2 20.64 59.46
11.2167 20.63 59.40
11.2333 20.65 59.63
11.25 20.66 59.50
11.2667 20.65 59.49
11.2833 20.66 59.59
11.3 20.67 59.57
11.3167 20.66 59.58
11.3333 20.67 59.58
11.35 20.66 59.65
11.3667 20.64 59.70
11.3833 20.65 59.68
11.4 20.64 59.96
11.4167 20.65 59.87
11.4333 20.68 60.12
11.45 20.68 59.99
11.4667 20.68 59.98
11.4833 20.75 60.12
11.5 20.74 60.12
11.5167 20.72 60.15
11.5333 20.72 60.09
11.55 20.69 60.32
11.5667 20.68 60.19
11.5833 20.66 60.22
11.6 20.64 60.22
11.6167 20.63 60.32
11.6333 20.62 60.39
11.65 20.65 60.46
11.6667 20.66 60.38
11.6833 20.65 60.36
11.7 20.68 60.44
11.7167 20.67 60.41
11.7333 20.66 60.61
11.75 20.67 60.47
11.7667 20.69 60.62
11.7833 20.68 60.56
11.8 20.69 60.46
11.8167 20.68 60.48
11.8333 20.69 60.54
11.85 20.69 60.63
