22.67  93.74
17.63  71.08
17.66  71.89
17.67  70.92
17.68  71.15
17.69  71.13
17.70  71.09
17.70  71.04
17.70  70.94
17.70  70.92
17.71  70.98
17.71  70.97
17.71  71.02
17.72  71.08
17.72  71.09
17.72  71.05
17.72  70.99
17.73  70.98
17.72  71.03
17.73  70.96
17.73  71.01
17.74  71.00
17.75  70.91
17.75  70.63
17.75  68.96
17.74  68.97
17.75  69.48
17.76  69.53
17.78  68.45
17.80  68.50
17.79  68.43
17.82  68.44
17.81  68.76
17.82  69.00
17.81  68.99
17.80  69.34
17.80  69.68
17.80  70.00
17.79  70.16
17.77  68.71
17.77  68.24
17.77  68.12
17.76  68.37
17.76  68.92
17.76  69.11
17.75  69.46
17.75  69.47
17.74  69.30
17.74  68.94
17.73  69.14
17.72  69.25
17.73  69.39
17.71  69.47
17.71  69.15
17.71  69.63
17.71  69.39
17.70  69.16
17.70  69.26
17.69  69.27
17.68  68.91
17.69  69.19
17.67  68.88
17.67  67.61
17.66  66.76
17.66  66.44
17.64  66.52
17.64  66.26
17.64  65.98
17.64  65.88
17.63  65.71
17.64  65.95
17.63  66.07
17.63  66.19
17.63  66.40
17.62  66.50
17.62  66.89
17.60  66.91
17.61  66.59
17.61  66.58
17.60  66.70
17.60  66.90
17.59  66.67
17.59  66.57
17.58  66.29
17.59  66.46
17.57  65.91
17.57  65.48
17.56  65.92
17.56  66.01
17.56  66.32
17.54  65.73
17.54  64.91
17.54  64.16
17.53  64.35
17.53  63.65
17.52  63.51
17.51  63.07
17.49  63.10
17.49  63.54
17.48  64.02
17.48  64.60
17.48  64.81
17.47  64.93
17.47  64.64
17.45  64.81
17.45  64.63
17.44  64.81
17.43  64.28
17.42  62.22
17.41  61.73
17.41  62.11
17.41  62.42
17.41  62.84
17.40  63.38
17.40  63.63
17.39  62.95
17.38  62.57
17.38  62.16
17.35  61.25
17.34  60.84
17.33  62.02
17.32  62.18
17.31  61.13
17.29  60.85
17.28  59.77
17.27  59.49
17.26  59.80
17.26  59.99
17.25  60.61
17.24  60.78
17.24  60.57
17.21  60.55
17.21  60.20
17.20  60.34
17.20  60.70
17.20  60.83
17.20  60.23
17.19  60.00
17.19  60.28
17.18  60.29
17.17  60.87
17.17  61.00
17.17  60.93
17.18  61.11
17.18  61.15
17.16  61.14
17.16  60.71
17.16  61.03
17.14  61.12
17.14  61.18
17.12  61.18
17.12  61.19
17.12  61.29
17.11  61.15
17.09  60.80
17.08  61.06
17.08  60.97
17.08  61.20
17.06  60.74
17.06  60.69
17.05  60.84
17.06  60.81
17.06  61.01
17.08  61.05
17.08  61.05
17.08  61.68
17.09  61.99
17.09  62.00
17.09  61.68
17.10  61.58
17.09  61.57
17.09  61.53
17.10  61.75
17.11  61.75
17.11  61.63
17.10  61.59
17.10  61.56
17.10  61.58
17.10  61.71
17.10  61.86
17.11  62.33
17.11  62.69
17.11  62.71
17.11  62.74
17.10  62.67
17.11  62.41
17.12  62.29
17.11  62.24
17.11  62.13
17.12  62.32
17.12  62.36
17.12  62.34
17.12  62.65
17.12  63.06
17.12  63.26
17.12  63.23
17.12  62.89
17.13  62.92
17.13  62.87
17.13  62.68
17.14  62.97
17.13  63.28
17.14  63.50
17.14  63.54
17.14  63.35
17.14  63.21
17.15  62.87
17.15  62.87
17.15  62.82
17.15  62.73
17.15  62.95
17.15  63.24
17.15  63.26
17.16  63.38
17.16  63.34
17.16  63.50
17.15  63.66
17.16  63.44
17.15  63.34
17.17  63.32
17.17  63.35
17.17  63.56
17.17  63.57
17.17  63.72
17.18  63.74
17.17  63.67
17.17  63.60
17.18  63.44
17.17  63.55
17.18  63.57
17.18  63.57
17.18  63.51
17.17  63.57
17.18  63.63
17.18  63.70
17.18  63.79
17.19  63.76
17.20  64.00
17.19  63.95
17.18  63.95
17.19  64.02
17.20  64.07
17.20  64.03
17.19  64.05
17.20  64.09
17.20  64.21
17.20  64.15
17.20  64.12
17.20  64.10
17.21  64.14
17.21  64.05
17.20  64.18
17.21  64.26
17.21  64.28
17.21  64.05
17.21  64.05
17.22  64.17
17.22  64.24
17.20  64.35
17.21  64.46
17.22  64.48
17.21  64.25
17.22  64.42
17.22  64.50
17.22  64.53
17.21  64.53
17.23  64.55
17.22  64.45
17.23  64.31
17.23  64.39
17.24  64.41
17.23  64.41
17.23  64.32
17.24  64.24
17.23  64.29
17.24  64.30
17.25  64.23
17.23  64.36
17.24  64.40
17.24  64.42
17.24  64.60
17.23  64.12
17.25  64.69
17.25  64.57
17.25  64.59
17.24  64.40
17.25  64.34
17.26  64.39
17.25  64.46
17.25  64.50
17.26  64.15
17.26  64.47
17.26  64.45
17.27  64.53
17.26  64.50
17.27  64.62
17.27  64.68
17.26  64.76
17.27  64.68
17.27  64.18
17.27  64.56
17.27  64.63
17.27  64.51
17.27  64.79
17.28  64.87
17.28  64.71
17.28  64.81
17.29  64.82
17.28  64.82
17.28  64.81
17.28  64.59
17.29  64.37
17.29  64.15
17.30  64.19
17.30  64.88
17.30  64.89
17.30  64.68
17.30  64.53
17.30  64.45
17.30  64.50
17.31  64.65
17.30  64.78
17.31  64.95
17.31  64.92
17.30  64.66
17.31  65.23
17.32  64.92
17.31  64.96
17.32  64.98
17.31  64.83
17.31  64.91
17.31  64.54
17.32  64.54
17.32  64.96
17.32  65.00
17.32  65.06
17.33  65.15
17.32  65.10
17.32  65.10
17.33  65.13
17.32  65.17
17.32  65.20
17.32  65.14
17.32  65.12
17.32  65.12
17.33  65.23
17.33  65.21
17.33  65.23
17.33  65.23
17.33  65.61
17.35  65.15
17.33  65.38
17.34  65.91
17.33  65.21
17.34  65.13
17.34  64.96
17.34  64.99
17.34  65.19
17.34  65.26
17.34  65.22
17.34  65.33
17.34  65.18
17.37  65.09
17.34  65.16
17.34  65.23
17.34  65.00
17.35  65.32
17.35  65.26
17.37  65.28
17.36  65.29
17.36  65.15
17.37  65.25
17.36  65.25
17.36  65.33
17.37  65.29
17.36  65.50
17.36  65.33
17.36  65.39
17.37  65.40
17.37  65.33
17.37  65.33
17.37  65.27
17.37  65.22
17.37  65.21
17.37  65.26
17.37  65.34
17.37  65.46
17.38  65.43
17.37  65.46
17.38  65.52
17.38  65.46
17.38  65.26
17.38  65.46
17.38  65.53
17.38  65.49
17.39  65.43
17.40  65.32
17.39  65.25
17.39  65.34
17.39  65.47
17.39  65.56
17.39  65.64
17.41  65.57
17.39  65.77
17.39  65.53
17.40  65.63
17.40  65.61
17.39  65.55
17.39  65.50
17.40  65.61
17.39  65.59
17.40  65.56
17.40  65.87
17.39  65.64
17.40  65.62
17.40  65.65
17.41  65.66
17.40  65.96
17.40  65.70
17.40  65.71
17.40  65.75
17.40  65.87
17.40  65.61
17.41  65.53
17.41  65.57
17.41  65.52
17.40  65.45
17.41  65.53
17.41  65.65
17.40  65.72
17.40  65.77
17.41  65.85
17.41  65.70
17.41  65.67
17.42  65.63
17.42  65.65
17.41  65.65
17.42  65.76
17.42  65.78
17.43  65.69
17.43  65.73
17.43  65.79
17.43  66.36
17.43  65.81
17.43  65.80
17.43  65.81
17.43  65.88
17.42  65.92
17.43  66.04
17.43  65.91
17.44  65.96
17.43  65.97
17.44  65.93
17.44  65.92
17.43  65.94
17.44  65.90
17.44  65.83
17.44  65.81
17.44  65.79
17.44  65.78
17.44  65.76
17.45  65.70
17.44  65.75
17.44  65.83
17.45  65.86
17.45  65.88
17.43  65.92
17.44  65.85
17.45  65.84
17.46  65.93
17.46  65.94
17.45  65.89
17.46  65.86
17.46  65.89
17.46  65.89
17.46  65.84
17.46  65.83
17.46  65.89
17.46  65.88
17.46  65.90
17.47  65.89
17.47  65.86
17.47  65.89
17.47  66.25
17.46  65.89
17.48  65.93
17.47  65.97
17.48  65.99
17.48  65.51
17.47  66.06
17.47  66.08
17.47  66.06
17.48  66.06
17.48  66.02
17.48  66.12
17.48  66.09
17.48  66.05
17.47  66.11
17.48  66.15
17.48  66.20
17.48  66.21
17.48  66.22
17.48  66.19
17.48  66.16
17.48  66.16
17.48  66.22
17.48  66.29
17.48  66.23
17.48  66.25
17.48  66.21
17.48  66.22
17.49  66.24
17.48  66.18
17.48  65.92
17.48  66.21
17.49  66.17
17.48  66.22
17.49  66.17
17.49  66.04
17.50  66.01
17.50  66.04
17.51  66.10
17.50  66.18
17.51  66.23
17.50  66.26
17.50  66.33
17.50  66.31
17.49  66.33
17.50  66.33
17.50  66.36
17.50  66.25
17.50  65.78
17.51  66.24
17.51  66.31
17.50  66.32
17.50  66.31
17.50  66.26
17.50  65.99
17.51  66.29
17.50  66.64
17.51  66.20
17.51  66.31
17.52  66.27
17.55  66.05
17.56  65.97
17.57  65.94
17.56  65.89
17.57  65.88
17.56  65.41
17.57  65.86
17.54  63.46
17.55  62.15
17.53  61.64
17.52  61.54
17.53  61.48
17.53  61.96
17.54  63.08
17.54  62.96
17.54  63.66
17.53  63.98
17.52  64.19
17.51  64.25
17.50  62.86
17.49  61.49
17.50  62.29
17.49  61.96
17.48  62.55
17.46  61.98
17.45  60.64
17.44  60.22
17.44  60.15
17.43  60.77
17.42  61.25
17.42  60.99
17.40  61.35
17.40  61.31
17.39  61.36
17.38  62.58
17.37  62.48
17.36  62.24
17.35  61.80
17.35  61.48
17.34  61.14
17.33  60.97
17.32  61.02
17.31  61.82
17.31  62.42
17.30  61.93
17.29  61.36
17.29  61.27
17.28  60.89
17.27  60.96
17.27  60.55
17.26  60.96
17.25  61.12
17.24  61.29
17.23  61.81
17.23  60.71
17.23  60.87
17.22  60.90
17.22  60.57
17.22  60.58
17.21  61.16
17.22  61.44
17.20  61.70
17.20  60.74
17.20  60.61
17.19  60.99
17.19  61.36
17.19  60.92
17.12  61.37
17.18  61.89
17.18  61.21
17.18  62.17
17.17  61.44
17.16  61.45
17.15  60.25
17.16  59.48
17.17  60.43
17.16  61.03
17.16  61.13
17.15  61.01
17.15  61.24
17.12  60.41
17.13  59.98
17.12  61.06
17.11  59.47
17.11  59.23
17.10  59.07
17.09  59.81
17.08  59.33
17.08  59.24
17.08  59.26
17.07  60.34
17.05  59.97
17.06  59.80
17.05  60.00
17.06  59.18
17.05  58.82
17.05  58.63
17.05  58.67
17.04  59.09
17.05  59.90
17.04  59.50
17.03  59.17
17.03  59.73
17.03  60.99
17.03  60.22
17.03  60.74
17.01  59.49
17.01  58.50
17.01  58.41
17.00  59.70
17.00  59.56
16.99  58.35
16.99  59.64
17.00  60.74
17.00  60.08
16.99  60.20
16.99  60.13
16.98  58.98
16.97  59.12
16.97  58.79
16.97  58.40
16.97  59.39
16.98  58.87
16.97  59.70
16.97  60.65
16.97  61.24
16.98  60.47
16.97  59.98
16.97  60.36
16.97  60.29
16.97  59.45
16.96  59.46
16.95  59.14
16.94  58.35
16.95  58.04
16.93  57.95
16.93  58.09
16.95  58.65
16.93  58.80
16.93  58.53
16.93  59.57
16.92  59.72
16.92  60.23
16.92  59.46
16.92  59.04
16.92  58.83
16.92  58.89
16.93  59.25
16.93  59.34
16.92  60.35
16.92  60.15
16.91  59.23
16.90  59.02
16.89  59.22
16.91  59.65
16.91  60.00
16.90  60.69
16.90  61.03
16.91  61.19
16.89  59.87
16.89  60.53
16.89  60.98
16.88  60.96
16.87  59.83
16.87  58.96
16.87  58.68
16.86  59.24
16.86  59.13
16.86  59.98
16.86  59.94
16.86  59.97
16.86  60.20
16.86  60.33
16.86  60.26
16.86  60.36
16.86  60.26
16.85  60.34
16.85  60.51
16.85  60.67
16.85  60.79
16.85  60.52
16.85  60.24
16.84  59.65
16.84  59.26
16.84  59.22
16.85  59.42
16.84  59.64
16.85  59.74
16.83  59.31
16.83  59.18
16.82  59.25
16.82  59.56
16.81  60.63
16.82  59.78
16.81  59.16
16.82  60.09
16.81  60.30
16.81  60.65
16.81  60.79
16.82  60.96
16.82  61.34
16.81  61.53
16.81  61.55
16.81  61.34
16.81  61.26
16.81  61.39
16.82  61.49
16.82  61.16
16.81  60.79
16.82  60.84
16.82  61.59
16.82  60.77
16.81  60.17
16.80  60.15
16.80  60.68
16.81  61.13
16.80  61.38
16.80  61.59
16.81  61.42
16.79  61.24
16.80  61.24
16.80  61.26
16.80  60.56
16.80  60.43
16.79  59.20
16.78  58.71
16.77  58.68
16.78  58.63
16.77  58.91
16.78  59.64
16.77  60.64
16.77  61.06
16.77  60.64
16.77  60.04
16.77  60.02
16.78  59.87
16.79  59.80
16.80  59.87
16.79  60.09
16.81  60.27
16.82  60.35
16.82  60.83
16.83  61.17
16.82  61.14
16.82  61.26
16.82  61.28
16.82  61.25
16.82  61.33
16.82  61.34
16.83  61.22
16.83  61.19
16.84  61.21
16.83  61.24
16.84  61.29
16.84  61.84
16.84  61.40
16.83  61.53
16.84  61.55
16.84  61.62
16.85  61.63
16.84  61.54
16.84  61.37
16.85  61.33
16.85  60.81
16.85  61.60
16.86  61.70
16.86  61.61
16.87  61.71
16.87  61.56
16.87  61.78
16.87  61.85
16.87  61.88
16.87  61.89
16.87  61.98
16.87  62.03
16.88  62.19
16.88  62.56
16.88  62.25
16.89  62.06
16.89  61.95
16.90  61.99
16.89  62.03
16.89  62.09
16.90  62.13
16.90  62.21
16.90  62.15
16.91  62.17
16.91  62.25
16.91  62.05
16.91  62.08
16.92  62.00
16.92  61.58
16.92  62.19
16.93  62.26
16.92  62.23
16.93  62.21
16.94  62.26
16.94  62.25
16.95  62.14
16.94  62.11
16.94  62.12
16.94  62.16
16.95  62.31
16.95  62.39
16.95  62.39
16.96  62.39
16.96  62.06
16.97  62.24
16.98  62.30
16.96  62.38
16.98  62.48
16.97  62.44
16.98  62.50
16.98  62.49
16.99  62.38
16.99  62.22
17.01  62.61
17.00  62.45
17.01  62.68
17.01  62.72
17.01  62.75
17.01  62.75
17.01  62.80
17.02  62.96
17.01  63.01
17.03  62.94
17.02  62.90
17.03  62.90
17.03  62.76
17.03  62.58
17.03  62.99
17.04  63.06
17.04  63.02
17.04  62.97
17.05  63.11
17.05  63.19
17.06  63.21
17.05  63.25
17.06  63.29
17.06  63.30
17.06  63.29
17.07  63.29
17.08  63.31
17.07  62.84
17.08  63.37
17.08  63.42
17.08  63.39
17.09  63.40
17.08  63.48
17.10  63.42
17.09  63.57
17.10  63.57
17.10  63.56
17.09  63.74
17.10  64.00
17.10  64.00
17.11  64.06
17.11  63.62
17.11  63.87
17.12  63.82
17.12  63.83
17.13  63.82
17.13  63.65
17.14  63.73
17.14  63.78
17.15  63.85
17.15  63.86
17.14  63.92
17.15  63.38
17.16  64.02
17.15  64.02
17.16  64.00
17.16  64.03
17.16  64.22
17.17  64.15
17.17  64.15
17.17  64.15
17.17  64.18
17.17  64.20
17.18  64.26
17.18  64.30
17.19  64.32
17.19  64.33
17.19  64.51
17.19  64.40
17.19  64.39
17.20  64.43
17.20  64.46
17.20  64.49
17.21  64.43
17.21  64.64
17.21  64.64
17.21  64.64
17.22  64.66
17.21  64.67
17.22  64.66
17.22  64.66
17.22  64.29
17.23  64.68
17.23  64.75
17.23  64.78
17.24  64.81
17.24  64.88
17.24  64.93
17.24  64.95
17.26  64.98
17.26  64.99
17.26  65.05
17.26  65.01
17.26  65.07
17.26  65.05
17.27  65.10
17.26  65.12
17.26  65.13
17.27  65.13
17.28  65.10
17.28  65.10
17.28  65.12
17.29  65.13
17.29  65.13
17.29  65.15
17.28  65.18
17.29  65.16
17.29  65.17
17.30  65.20
17.31  65.24
17.30  65.29
17.30  65.31
17.31  65.31
17.31  65.32
17.31  65.37
17.31  65.39
17.31  65.37
17.32  65.66
17.33  65.37
17.33  65.38
17.32  65.38
17.33  65.44
17.33  65.45
17.33  65.45
17.32  65.51
17.33  65.50
17.33  65.48
17.33  65.47
17.33  65.51
17.33  65.51
17.34  65.51
17.35  65.48
17.35  65.48
17.35  65.50
17.35  65.58
17.35  65.57
17.35  65.58
17.35  65.57
17.37  65.58
17.36  65.60
17.37  65.65
17.37  65.68
17.37  65.69
17.38  65.68
17.39  65.70
17.37  65.71
17.38  65.77
17.38  65.78
17.39  65.82
17.39  65.84
17.39  65.78
17.39  65.77
17.39  65.78
17.40  65.82
17.40  65.27
17.40  65.82
17.40  65.84
17.40  65.88
17.40  65.89
17.40  65.92
17.42  65.98
17.42  65.93
17.41  65.90
17.42  65.89
17.42  65.90
17.41  65.92
17.42  65.97
17.43  65.98
17.43  66.00
17.42  66.01
17.42  66.05
17.42  66.04
17.43  66.06
17.44  66.01
17.43  66.03
17.44  66.02
17.44  66.04
17.44  66.11
17.46  66.11
17.45  66.15
17.44  66.10
17.46  65.86
17.45  66.12
17.47  66.12
17.46  66.15
17.46  66.17
17.46  66.17
17.47  66.17
17.48  66.21
17.47  66.21
17.48  66.21
17.48  65.86
17.48  66.19
17.48  66.20
17.48  66.24
17.48  66.27
17.48  66.28
17.48  66.24
17.49  66.26
17.49  66.30
17.49  66.29
17.49  66.17
17.50  66.40
17.50  66.40
17.50  66.41
17.50  66.46
17.51  66.42
17.51  66.40
17.51  66.42
17.51  66.44
17.51  66.44
17.51  66.47
17.51  66.62
17.52  66.68
17.52  66.66
17.53  66.68
17.52  66.65
17.52  66.64
17.52  66.66
17.53  66.64
17.53  66.62
17.53  66.56
17.54  66.72
17.54  66.73
17.55  66.81
17.54  66.86
17.54  66.95
17.55  66.99
17.54  66.68
17.56  67.06
17.54  66.87
17.56  66.85
17.56  66.90
17.57  66.91
17.57  66.83
17.57  66.93
17.57  66.90
17.56  66.92
17.57  66.92
17.58  67.04
17.58  67.12
17.58  66.98
17.58  67.50
17.58  67.19
17.58  67.19
17.59  67.15
17.59  67.15
17.59  67.18
17.59  67.22
17.59  67.22
17.60  67.21
17.60  67.19
17.60  67.24
17.59  67.29
17.60  67.25
17.60  67.23
17.60  67.26
17.60  67.28
17.60  67.25
17.61  67.38
17.61  67.50
17.61  67.69
17.61  68.11
17.61  67.56
17.62  67.51
17.61  67.56
17.62  67.54
17.62  67.50
17.61  67.64
17.61  68.19
17.62  67.74
17.62  67.73
17.62  67.74
17.62  67.77
17.62  67.76
17.63  67.45
17.63  67.68
17.63  67.72
17.62  67.68
17.62  67.68
17.64  67.69
17.64  67.67
17.64  67.81
17.64  67.84
17.64  68.09
17.63  67.67
17.64  67.81
17.65  68.12
17.64  68.09
17.65  68.03
17.66  68.22
17.66  67.87
17.66  68.07
17.66  68.06
17.67  68.00
17.67  68.00
17.67  67.94
17.67  68.05
17.67  68.08
17.68  67.93
17.68  68.07
17.68  68.14
17.69  68.01
17.69  67.91
17.68  67.90
17.69  67.89
17.70  67.90
17.70  67.88
17.69  67.92
17.70  67.88
17.69  68.01
17.70  68.00
17.68  68.00
17.70  68.00
17.70  67.98
17.69  67.83
17.70  68.08
17.69  68.00
17.70  67.99
17.71  68.04
17.71  68.11
17.71  67.62
17.71  68.05
17.71  68.03
17.71  68.08
17.71  68.18
17.72  68.28
17.71  68.18
17.72  68.14
17.72  68.16
17.73  68.24
17.72  68.24
17.72  68.21
17.71  68.21
17.73  68.32
17.73  68.34
17.73  68.30
17.73  68.26
17.74  68.30
17.74  68.33
17.73  68.31
17.74  68.33
17.74  68.26
17.74  68.24
17.74  68.31
17.74  68.33
17.74  68.31
17.74  68.34
17.74  68.44
17.74  68.41
17.75  68.39
17.75  68.29
17.75  68.28
17.75  68.20
17.75  68.16
17.75  68.36
17.75  68.22
17.75  68.23
17.76  68.30
17.75  68.28
17.73  68.33
17.76  68.33
17.76  68.73
17.77  68.38
17.77  68.35
17.77  68.32
17.75  68.30
17.76  68.25
17.77  68.23
17.77  68.28
17.77  68.37
17.78  68.79
17.77  68.50
17.79  68.46
17.78  68.45
17.80  68.42
17.79  68.45
17.80  68.44
17.79  68.47
17.79  68.46
17.80  68.41
17.79  68.52
17.79  68.34
17.79  68.36
17.80  68.88
17.80  68.47
17.79  68.39
17.80  67.99
17.80  68.39
17.80  68.35
17.81  68.34
17.80  68.35
17.81  68.34
17.80  68.31
17.81  68.31
17.80  68.37
17.80  68.91
17.81  68.38
17.81  68.43
17.81  68.45
17.82  68.48
17.8