22.67  93.74
18.89  67.44
18.90  67.45
18.91  67.37
18.91  67.42
18.92  67.42
18.91  67.34
18.92  67.33
18.92  67.25
18.93  67.25
18.93  67.26
18.93  67.29
18.94  67.20
18.93  67.16
18.94  67.12
18.94  67.10
18.96  67.08
18.95  67.09
18.96  67.12
18.95  67.22
18.96  67.13
18.96  67.12
18.95  67.15
18.97  67.19
18.98  67.21
18.98  67.15
18.97  67.11
18.98  67.08
18.98  67.12
18.99  67.14
18.98  67.16
18.99  67.14
18.99  67.08
18.99  67.10
18.99  67.03
19.00  67.05
18.99  67.02
18.99  66.96
18.99  66.94
19.00  66.96
19.00  67.03
19.01  67.07
19.01  67.05
19.01  67.08
19.01  67.03
19.00  67.03
19.02  67.01
19.02  66.96
19.01  66.94
19.02  67.02
19.02  67.05
19.02  67.05
19.01  67.10
19.02  67.11
19.02  67.06
19.03  66.99
19.03  66.95
19.03  66.97
19.03  66.96
19.03  66.92
19.03  66.87
19.03  66.85
19.03  66.85
19.03  66.86
19.03  66.88
19.04  66.90
19.03  66.93
19.04  66.98
19.03  66.99
19.04  66.98
19.03  67.01
19.04  67.03
19.04  66.94
19.04  66.91
19.04  66.90
19.03  66.89
19.05  66.86
19.05  66.84
19.04  66.83
19.05  66.84
19.04  66.87
19.04  66.82
19.04  66.94
19.05  66.92
19.04  66.87
19.04  66.91
19.05  66.95
19.05  66.96
19.05  67.01
19.05  67.05
19.06  67.05
19.06  66.99
19.06  66.91
19.06  66.88
19.06  66.85
19.06  66.84
19.07  66.86
19.06  66.84
19.07  66.88
19.05  66.89
19.06  66.91
19.05  66.92
19.06  66.96
19.07  66.95
19.06  66.94
19.06  66.93
19.06  66.95
19.06  66.95
19.07  66.92
19.07  66.90
19.06  66.86
19.07  66.97
19.07  66.97
19.07  66.93
19.07  66.91
19.08  66.93
19.08  66.97
19.07  66.93
19.07  66.92
19.07  66.94
19.07  66.91
19.08  66.94
19.08  66.89
19.10  66.89
19.07  66.85
19.09  66.86
19.08  66.83
19.10  66.84
19.08  66.89
19.10  66.97
19.10  66.93
19.09  66.94
19.08  66.90
19.10  66.93
19.10  66.90
19.10  66.88
19.10  66.85
19.09  66.89
19.09  66.89
19.10  66.85
19.10  66.83
19.09  66.90
19.11  66.89
19.10  66.89
19.11  65.47
19.07  59.54
19.03  59.50
19.03  60.48
19.03  61.15
19.03  61.68
19.04  62.13
19.04  62.23
19.05  62.55
19.03  61.01
19.02  60.53
19.01  60.70
19.01  59.92
18.99  59.87
18.99  60.04
18.97  58.71
18.94  56.20
18.90  56.18
18.87  54.87
18.83  54.70
18.79  53.96
18.74  53.09
18.71  52.37
18.69  52.98
18.68  52.92
18.67  52.07
18.62  51.29
18.58  51.02
18.57  51.18
18.53  50.50
18.50  50.76
18.49  50.74
18.50  51.56
18.51  52.52
18.53  53.17
18.55  53.57
18.57  53.84
18.57  53.83
18.60  54.10
18.60  53.81
18.59  53.88
18.59  54.04
18.59  54.24
18.60  54.48
18.61  53.96
18.59  50.95
18.53  49.40
18.49  49.07
18.46  49.42
18.45  49.12
18.44  50.00
18.44  50.18
18.45  51.17
18.46  51.74
18.45  51.84
18.45  52.11
18.46  52.11
18.48  52.22
18.49  52.15
18.50  51.84
18.50  51.49
18.50  51.49
18.50  51.57
18.49  51.29
18.50  51.35
18.51  52.14
18.53  53.00
18.55  53.69
18.56  54.13
18.56  54.31
18.57  54.45
18.58  54.74
18.59  54.44
18.59  54.16
18.60  54.22
18.62  54.47
18.63  54.55
18.64  54.67
18.64  54.81
18.65  54.98
18.66  55.14
18.66  55.12
18.67  55.34
18.68  55.44
18.68  55.50
18.68  55.70
18.69  55.94
18.69  56.04
18.70  56.08
18.71  56.15
18.72  56.31
18.71  56.38
18.72  56.40
18.72  56.38
18.74  56.45
18.74  56.62
18.74  56.91
18.74  57.02
18.75  56.96
18.76  56.92
18.76  56.86
18.76  56.89
18.77  56.92
18.77  56.98
18.78  57.02
18.78  57.15
18.80  57.24
18.78  57.34
18.79  57.47
18.80  57.83
18.81  58.10
18.80  58.17
18.81  58.16
18.82  58.18
18.82  58.24
18.81  58.25
18.82  58.27
18.82  58.31
18.82  58.35
18.84  58.39
18.83  58.45
18.84  58.40
18.84  58.37
18.84  58.49
18.84  58.65
18.85  58.75
18.84  58.83
18.85  59.01
18.86  59.09
18.86  59.15
18.87  59.09
18.87  59.16
18.86  59.33
18.88  59.35
18.88  59.36
18.88  59.42
18.89  59.46
18.87  59.49
18.88  59.56
18.89  59.60
18.89  59.62
18.89  59.56
18.89  59.56
18.90  59.61
18.89  59.61
18.90  59.60
18.89  59.60
18.90  59.56
18.90  59.58
18.90  59.73
18.90  59.74
18.90  59.80
18.90  59.83
18.91  59.78
18.91  59.87
18.91  59.79
18.91  59.74
18.91  59.75
18.92  59.96
18.92  59.90
18.91  59.78
18.92  59.73
18.92  59.70
18.92  59.70
18.93  59.76
18.92  59.78
18.92  59.79
18.93  59.83
18.92  59.86
18.93  59.85
18.92  59.82
18.92  59.82
18.92  59.82
18.93  59.85
18.93  59.80
18.93  59.82
18.93  59.83
18.93  59.88
18.93  60.00
18.93  60.09
18.93  60.14
18.93  60.33
18.94  60.14
18.93  60.17
18.95  60.20
18.94  60.12
18.95  60.09
18.95  60.09
18.96  60.07
18.97  60.04
18.95  60.02
18.95  60.06
18.94  60.07
18.95  60.06
18.95  60.05
18.96  60.03
18.95  59.99
18.96  60.01
18.95  60.03
18.94  60.10
18.96  60.08
18.95  60.10
18.96  60.16
18.95  60.17
18.96  60.17
18.96  60.18
18.96  60.18
18.96  60.19
18.96  60.20
18.96  60.21
18.96  60.20
18.96  60.23
18.97  60.23
18.96  60.26
18.97  60.35
18.97  60.56
18.96  60.53
18.97  60.53
18.97  60.57
18.98  60.47
18.96  57.67
18.93  55.81
18.93  55.69
18.91  55.53
18.89  55.25
18.88  53.96
18.82  51.91
18.78  51.42
18.74  50.69
18.72  50.83
18.68  51.53
18.65  50.86
18.64  50.83
18.62  51.02
18.61  51.65
18.59  51.52
18.57  50.74
18.56  50.50
18.54  50.27
18.53  50.22
18.52  50.92
18.51  51.33
18.52  51.56
18.53  51.72
18.52  51.75
18.53  51.99
18.54  52.25
18.54  52.21
18.53  51.90
18.48  49.75
18.41  48.83
18.34  48.19
18.30  48.12
18.27  48.27
18.23  47.52
18.21  49.20
18.18  49.09
18.16  48.27
18.12  47.78
18.11  47.26
18.06  46.79
18.03  47.41
18.01  46.98
17.98  47.16
17.96  47.56
17.97  47.95
17.98  48.12
17.97  47.55
17.97  47.91
17.96  47.61
17.95  47.51
17.92  46.91
17.88  47.03
17.85  46.81
17.85  47.04
17.87  47.65
17.88  47.57
17.89  48.06
17.88  47.00
17.84  46.70
17.83  46.85
17.84  46.83
17.86  47.38
17.87  47.71
17.89  47.92
17.94  48.71
17.96  48.91
17.97  49.12
17.99  49.34
18.00  49.47
18.01  49.64
18.02  49.71
18.04  49.72
18.05  49.72
18.07  49.78
18.09  49.87
18.09  50.04
18.12  50.14
18.13  50.13
18.14  50.21
18.16  50.29
18.17  50.42
18.19  50.44
18.21  50.44
18.23  50.46
18.23  50.52
18.24  50.60
18.25  50.69
18.26  50.71
18.26  50.77
18.28  50.91
18.28  50.95
18.30  51.02
18.30  51.08
18.31  51.15
18.32  51.17
18.33  51.14
18.33  51.24
18.35  51.28
18.34  51.24
18.35  51.30
18.36  51.48
18.37  51.58
18.38  51.62
18.39  51.68
18.39  51.72
18.40  51.75
18.41  51.80
18.41  51.82
18.42  51.86
18.43  51.84
18.43  51.86
18.45  51.93
18.46  52.00
18.46  52.07
18.46  52.05
18.47  52.15
18.47  52.20
18.48  52.33
18.48  52.36
18.49  52.39
18.50  52.42
18.49  52.44
18.51  52.44
18.52  52.45
18.52  52.44
18.52  52.45
18.53  52.37
18.53  52.42
18.54  52.44
18.54  52.48
18.54  52.54
18.55  52.63
18.55  52.70
18.55  52.74
18.56  52.75
18.55  52.78
18.57  52.79
18.57  52.94
18.57  53.05
18.59  53.11
18.58  53.17
18.59  53.15
18.59  53.12
18.59  53.17
18.60  53.20
18.60  53.25
18.60  53.35
18.61  53.40
18.61  53.54
18.62  53.56
18.62  53.63
18.63  53.56
18.62  53.53
18.63  53.62
18.63  53.65
18.63  53.68
18.64  53.68
18.63  53.71
18.64  53.72
18.63  53.86
18.64  53.88
18.64  53.91
18.65  53.92
18.65  53.87
18.65  53.78
18.66  53.75
18.66  53.77
18.66  53.77
18.66  53.85
18.66  53.88
18.67  53.91
18.67  53.92
18.67  53.98
18.68  54.07
18.68  54.17
18.67  54.22
18.68  54.26
18.68  54.23
18.68  54.22
18.69  54.27
18.69  54.36
18.69  54.44
18.69  54.48
18.69  54.43
18.70  54.51
18.70  54.61
18.70  54.57
18.70  54.61
18.70  54.63
18.70  54.70
18.71  54.76
18.70  54.74
18.71  54.76
18.71  54.76
18.71  54.71
18.71  54.69
18.72  54.62
18.71  54.66
18.72  54.85
18.72  54.92
18.73  54.93
18.72  55.00
18.73  55.10
18.73  55.12
18.72  55.15
18.73  55.22
18.73  55.18
18.73  55.17
18.73  55.15
18.74  55.14
18.73  55.19
18.74  55.29
18.74  55.34
18.73  55.31
18.73  55.29
18.74  55.35
18.74  55.41
18.74  55.42
18.74  55.44
18.75  55.43
18.74  55.49
18.75  55.50
18.75  55.53
18.76  55.52
18.76  55.52
18.76  55.45
18.74  55.43
18.77  55.42
18.76  55.50
18.76  55.57
18.76  55.56
18.76  55.56
18.77  55.61
18.78  55.67
18.77  55.73
18.77  55.73
18.77  55.76
18.78  55.82
18.78  55.90
18.77  55.94
18.78  56.01
18.79  56.01
18.79  55.98
18.78  55.97
18.78  55.97
18.79  55.97
18.79  55.93
18.79  55.92
18.79  55.96
18.79  56.05
18.81  56.09
18.81  56.15
18.81  56.13
18.79  56.15
18.81  56.21
18.81  56.24
18.81  56.24
18.81  56.26
18.81  56.27
18.80  56.30
18.81  56.30
18.81  56.28
18.81  56.30
18.81  56.37
18.81  56.37
18.80  56.33
18.81  56.36
18.81  56.48
18.82  56.48
18.82  56.50
18.81  56.52
18.82  56.54
18.82  56.57
18.82  56.64
18.83  56.65
18.83  56.71
18.82  56.71
18.82  56.70
18.83  56.68
18.83  56.70
18.83  56.75
18.83  56.71
18.82  56.72
18.84  56.76
18.84  56.77
18.83  56.75
18.84  56.87
18.83  56.89
18.83  56.84
18.83  56.87
18.83  56.92
18.84  56.90
18.83  56.87
18.83  56.92
18.84  56.94
18.84  56.96
18.84  56.97
18.83  57.01
18.84  57.01
18.84  57.03
18.85  57.01
18.85  57.01
18.85  57.05
18.85  57.08
18.85  57.10
18.85  57.11
18.86  57.11
18.87  57.13
18.86  57.15
18.85  57.16
18.84  57.18
18.85  57.21
18.85  57.19
18.86  57.27
18.85  57.30
18.85  57.29
18.85  57.25
18.85  57.30
18.86  57.29
18.85  57.29
18.86  57.31
18.86  57.32
18.87  57.33
18.86  57.35
18.86  57.41
18.86  57.47
18.86  57.50
18.88  57.49
18.86  57.54
18.86  57.58
18.87  57.58
18.86  57.59
18.86  57.64
18.86  57.66
18.86  57.68
18.87  57.62
18.86  57.59
18.86  57.56
18.86  57.59
18.87  57.61
18.87  57.65
18.87  57.69
18.86  57.75
18.87  57.75
18.86  57.74
18.87  57.71
18.87  57.73
18.87  57.75
18.87  57.76
18.88  57.77
18.88  57.80
18.88  57.82
18.88  57.86
18.89  57.88
18.88  57.83
18.88  57.83
18.88  57.83
18.88  57.88
18.88  57.92
18.88  57.95
18.88  57.96
18.89  57.98
18.89  58.01
18.89  58.00
18.89  58.01
18.89  58.03
18.89  58.08
18.90  58.09
18.89  58.05
18.89  58.09
18.90  58.08
18.89  58.04
18.89  58.02
18.89  58.06
18.89  58.07
18.89  58.07
18.90  58.12
18.89  58.15
18.89  58.18
18.90  58.16
18.90  58.17
18.90  58.16
18.90  58.19
18.89  58.19
18.89  58.22
18.90  58.26
18.90  58.26
18.90  58.24
18.90  58.27
18.90  58.34
18.89  58.32
18.90  58.39
18.90  58.36
18.90  58.35
18.91  58.38
18.90  58.40
18.90  58.40
18.91  58.42
18.91  58.41
18.90  58.42
18.90  58.44
18.91  58.45
18.90  58.45
18.91  58.50
18.91  58.52
18.91  58.52
18.91  58.48
18.91  58.46
18.91  58.51
18.92  58.56
18.92  58.59
18.91  58.60
18.91  58.59
18.91  58.60
18.92  58.53
18.92  58.57
18.91  58.57
18.91  58.61
18.92  58.63
18.92  58.71
18.92  58.71
18.91  58.74
18.92  58.74
18.93  58.74
18.92  58.73
18.92  58.73
18.92  58.71
18.93  58.72
18.93  58.74
18.92  58.76
18.93  58.76
18.92  58.79
18.92  58.79
18.92  58.79
18.92  58.86
18.92  58.88
18.92  58.86
18.92  58.84
18.93  58.84
18.93  58.84
18.93  58.86
18.93  58.86
18.93  58.87
18.93  58.90
18.93  58.90
18.93  58.90
18.93  58.97
18.93  59.02
18.92  59.04
18.93  59.01
18.93  59.00
18.92  59.05
18.92  59.04
18.92  59.07
18.93  59.13
18.93  59.16
18.93  59.15
18.94  59.13
18.93  59.13
18.93  59.13
18.94  59.11
18.94  59.07
18.93  59.07
18.93  59.10
18.93  59.11
18.94  59.13
18.94  59.15
18.93  59.14
18.93  59.14
18.93  59.14
18.93  59.12
18.94  59.14
18.94  59.20
18.94  59.23
18.94  59.28
18.94  59.32
18.93  59.31
18.94  59.31
18.93  59.30
18.93  59.29
18.94  59.28
18.94  59.31
18.93  59.34
18.93  59.35
18.94  59.34
18.95  59.32
18.95  59.34
18.94  59.35
18.94  59.35
18.95  59.41
18.93  59.43
18.94  59.41
18.94  59.44
18.95  59.45
18.94  59.42
18.96  59.41
18.95  59.43
18.95  59.45
18.95  59.46
18.95  59.47
18.96  59.49
18.95  59.51
18.96  59.51
18.96  59.50
18.96  59.50
18.96  59.52
18.96  59.52
18.95  59.51
18.94  59.53
18.96  59.52
18.96  59.55
18.95  59.57
18.96  59.62
18.95  59.62
18.96  59.58
18.97  59.59
18.97  59.62
18.96  59.64
18.96  59.66
18.96  59.68
18.95  59.71
18.95  59.74
18.97  59.72
18.96  59.72
18.96  59.75
18.97  59.75
18.95  59.79
18.96  59.78
18.95  59.75
18.96  59.73
18.95  59.72
18.96  59.73
18.96  59.72
18.96  59.72
18.96  59.69
18.96  59.72
18.96  59.74
18.97  59.80
18.97  59.81
18.97  59.81
18.97  59.82
18.97  59.81
18.96  59.76
18.97  59.77
18.96  59.79
18.97  59.83
18.97  59.86
18.97  59.86
18.97  59.83
18.97  59.85
18.97  59.86
18.97  59.86
18.97  59.89
18.97  59.92
18.98  59.91
18.97  59.92
18.97  59.92
18.97  59.90
18.98  59.92
18.98  59.92
18.96  59.94
18.97  59.93
18.98  59.96
18.98  59.96
18.98  59.96
18.98  59.98
18.98  59.99
18.98  60.00
18.98  60.01
18.98  60.02
18.99  60.05
18.98  60.09
18.99  60.06
18.99  60.06
18.99  60.07
18.99  60.06
18.99  60.06
18.99  60.06
19.00  60.08
18.99  60.09
18.99  60.06
18.99  60.12
18.98  60.15
18.98  60.14
18.98  60.17
18.99  60.19
18.99  60.20
18.98  60.20
18.98  60.22
18.98  60.21
18.98  60.21
18.99  60.22
18.99  60.22
18.98  60.22
18.99  60.22
18.99  60.23
18.99  60.23
18.99  60.21
18.98  60.22
18.99  60.21
18.98  60.20
18.98  60.24
18.99  60.24
18.99  60.25
18.99  60.27
18.99  60.26
18.99  60.31
18.99  60.33
18.99  60.30
18.99  60.32
19.00  60.34
18.99  60.33
19.00  60.35
19.00  60.33
18.99  60.33
19.00  60.35
18.99  60.38
18.99  60.36
18.99  60.38
18.99  60.39
19.00  60.40
18.99  60.40
19.00  60.40
18.99  60.40
18.99  60.41
19.00  60.40
18.99  60.41
19.00  60.45
19.00  60.46
19.00  60.48
18.99  60.47
18.99  60.47
19.00  60.51
18.99  60.52
18.99  60.54
19.00  60.53
18.99  60.53
19.00  60.55
19.00  60.55
19.01  60.58
19.01  60.54
19.00  60.56
19.00  60.56
19.00  60.56
19.00  60.57
19.00  60.57
19.00  60.57
19.00  60.56
19.01  60.58
19.00  60.60
19.00  60.61
19.00  60.62
19.01  60.62
19.01  60.62
19.01  60.64
19.01  60.65
19.01  60.63
19.01  60.65
19.01  60.65
19.01  60.68
19.01  60.70
19.01  60.69
19.00  60.65
19.01  60.67
19.01  60.68
19.01  60.70
19.00  60.72
19.01  60.73
19.01  60.74
19.02  60.73
19.01  60.76
19.01  60.77
19.01  60.76
19.01  60.76
19.02  60.78
19.02  60.77
19.01  60.80
19.02  60.81
19.01  60.82
19.01  60.81
19.00  60.81
19.01  60.81
19.01  60.82
19.00  60.83
19.00  60.84
19.01  60.83
19.00  60.84
19.01  60.84
19.01  60.84
19.01  60.84
19.01  60.86
19.01  60.86
19.01  60.86
19.00  60.89
19.00  60.89
19.01  60.91
19.01  60.92
19.01  60.91
19.01  60.94
19.01  60.93
19.01  60.93
