20.78  67.71
20.78  67.59
20.79  67.67
20.79  67.49
20.80  67.41
20.82  67.43
20.80  67.44
20.82  67.43
20.79  67.30
20.80  67.45
20.78  67.42
20.77  67.54
20.77  67.59
20.77  67.54
20.76  67.49
20.76  67.62
20.76  67.57
20.76  67.58
20.76  67.57
20.77  67.60
20.77  67.54
20.77  67.45
20.77  67.55
20.78  67.48
20.78  67.49
20.79  67.48
20.77  67.40
20.77  67.45
20.78  67.42
20.77  67.48
20.78  67.47
20.78  67.44
20.78  67.41
20.78  67.44
20.78  67.45
20.78  67.50
20.78  67.50
20.77  67.45
20.78  67.49
20.78  67.42
20.79  67.40
20.78  67.44
20.78  67.55
20.77  67.42
20.77  67.42
20.77  67.48
20.77  67.46
20.76  67.44
20.77  67.44
20.77  67.44
20.77  67.48
20.78  67.48
20.77  67.51
20.76  67.48
20.77  67.48
20.77  67.41
20.77  67.45
20.78  67.43
20.77  67.44
20.76  67.49
20.77  67.40
20.77  67.41
20.77  67.49
20.77  67.41
20.75  67.41
20.76  67.45
20.74  67.50
20.75  67.52
20.74  67.56
20.75  67.59
20.74  67.66
20.74  67.63
20.75  67.62
20.74  67.65
20.74  67.51
20.73  67.62
20.73  67.73
20.72  67.73
20.73  67.65
20.72  67.63
20.72  67.63
20.72  67.64
20.72  67.63
20.72  67.62
20.73  67.57
20.72  67.62
20.72  67.88
20.70  67.64
20.72  67.63
20.71  67.79
20.71  67.71
20.71  67.64
20.70  67.57
20.70  67.65
20.71  67.76
20.71  67.60
20.71  67.61
20.72  67.53
20.71  67.58
20.70  67.84
20.70  67.77
20.70  67.67
20.71  67.60
20.71  67.63
20.70  67.60
20.70  67.59
20.69  67.61
20.69  67.58
20.70  67.63
20.71  67.55
20.71  67.56
20.72  67.57
20.71  67.41
20.70  67.58
20.71  67.54
20.72  67.62
20.70  67.61
20.72  67.51
20.72  67.56
20.72  67.64
20.72  67.56
20.72  67.54
20.70  67.59
20.70  67.54
20.71  67.36
20.70  67.58
20.69  67.55
20.70  67.58
20.69  67.66
20.70  67.70
20.69  67.58
20.70  67.60
20.68  67.50
20.69  67.47
20.68  67.60
20.69  67.44
20.69  67.51
20.70  67.57
20.69  67.61
20.69  67.44
20.68  67.61
20.68  67.58
20.67  67.52
20.68  67.55
20.68  67.48
20.68  67.50
20.68  67.71
20.68  67.52
20.69  67.61
20.68  67.66
20.69  67.49
20.69  67.67
20.68  67.65
20.67  67.64
20.68  67.53
20.68  67.65
20.68  67.55
20.69  67.46
20.69  67.63
20.69  67.61
20.69  67.69
20.67  67.71
20.67  67.71
20.68  67.70
20.68  67.57
20.66  67.60
20.66  67.65
20.66  67.73
20.66  67.64
20.66  67.62
20.66  67.53
20.67  67.59
20.66  67.61
20.65  67.64
20.66  67.81
20.65  67.69
20.66  67.65
20.66  67.67
20.66  67.76
20.66  67.73
20.65  67.84
20.63  67.80
20.65  67.89
20.65  67.77
20.64  67.84
20.64  67.86
20.64  67.94
20.63  67.91
20.63  67.96
20.62  67.91
20.62  67.98
20.60  67.95
20.61  68.07
20.62  67.91
20.62  67.92
20.61  68.01
20.60  68.06
20.61  67.98
20.62  68.00
20.61  68.00
20.60  68.05
20.60  68.04
20.60  68.01
20.60  68.08
20.60  68.07
20.58  68.09
20.57  68.12
20.57  68.23
20.57  68.18
20.56  68.04
20.56  68.06
20.57  67.99
20.57  68.02
20.57  67.98
20.58  67.97
20.57  67.97
20.58  68.04
20.56  67.99
20.55  68.05
20.56  68.04
20.57  67.97
20.57  67.96
20.58  67.99
20.57  67.99
20.56  67.99
20.56  67.99
20.57  67.99
20.55  68.11
20.56  68.06
20.55  68.14
20.56  68.06
20.56  68.07
20.53  68.15
20.54  68.10
20.53  68.17
20.55  68.17
20.53  68.15
20.54  68.14
20.53  68.21
20.55  68.19
20.54  68.20
20.54  68.25
20.52  68.27
20.52  68.27
20.51  68.22
20.54  68.15
20.55  68.18
20.55  68.15
20.53  68.29
20.52  68.25
20.51  68.31
20.50  68.32
20.53  68.31
20.51  68.31
20.51  68.26
20.49  68.34
20.51  68.26
20.53  68.28
20.52  68.31
20.52  68.33
20.51  68.68
20.51  68.36
20.53  68.28
20.52  68.34
20.51  68.40
20.50  68.39
20.49  68.39
20.50  68.42
20.48  68.43
20.48  68.47
20.49  68.42
20.50  68.38
20.49  68.43
20.49  68.43
20.49  68.38
20.48  68.41
20.49  68.42
20.47  68.51
20.47  68.53
20.46  68.48
20.48  68.49
20.47  68.47
20.47  68.51
20.46  68.49
20.46  68.46
20.46  68.53
20.46  68.54
20.47  68.50
20.46  68.55
20.46  68.51
20.45  68.60
20.45  68.60
20.44  68.56
20.44  68.59
20.44  68.57
20.44  68.61
20.43  68.58
20.43  68.60
20.43  68.68
20.43  68.60
20.43  68.63
20.42  68.63
20.43  68.69
20.43  68.63
20.42  68.63
20.43  68.63
20.42  68.65
20.43  68.63
20.43  68.62
20.43  68.66
20.42  68.69
20.41  68.66
20.43  68.65
20.42  68.67
20.42  68.70
20.41  68.72
20.41  68.70
20.40  68.72
20.41  68.72
20.41  68.73
20.40  68.73
20.40  68.71
20.40  68.66
20.42  68.67
20.43  68.70
20.41  68.66
20.42  68.62
20.41  68.67
20.41  68.68
20.41  68.67
20.40  68.71
20.40  68.70
20.40  68.67
20.40  68.69
20.40  68.68
20.41  68.62
20.40  68.64
20.41  68.63
20.40  68.66
20.41  68.62
20.42  68.66
20.41  68.67
20.42  68.63
20.41  68.67
20.40  68.70
20.40  68.66
20.41  68.67
20.40  68.69
20.41  68.64
20.40  68.70
20.40  68.71
20.40  68.73
20.40  68.66
20.41  68.67
20.41  68.65
20.42  68.66
20.41  68.68
20.40  68.66
20.41  68.65
20.40  68.69
20.41  68.69
20.43  68.56
20.41  68.65
20.40  68.66
20.41  68.64
20.41  68.67
20.40  68.70
20.41  68.59
20.41  68.69
20.40  68.74
20.41  68.69
20.41  68.72
20.41  68.71
20.40  68.69
20.41  68.70
20.39  68.73
20.39  68.72
20.40  68.70
20.40  68.73
20.40  68.71
20.41  68.65
20.40  68.67
20.40  68.69
20.41  68.66
20.41  68.65
20.40  68.67
20.41  68.66
20.40  68.62
20.40  68.67
20.40  68.67
20.39  68.76
20.39  68.76
20.41  68.71
20.41  68.68
20.41  68.70
20.39  68.71
20.38  68.73
20.40  68.74
20.38  68.78
20.37  68.73
20.38  68.70
20.38  68.71
20.38  68.73
20.39  68.71
20.38  68.74
20.38  68.74
20.40  68.69
20.38  68.71
20.40  68.69
20.40  68.70
20.38  68.74
20.38  68.75
20.39  68.73
20.38  68.72
20.40  68.73
20.40  68.74
20.39  68.70
20.40  68.68
20.38  68.70
20.39  68.64
20.40  68.70
20.40  68.66
20.39  68.70
20.37  68.71
20.37  68.73
20.36  68.75
20.37  68.78
20.37  68.77
20.37  68.82
20.37  68.73
20.37  68.76
20.37  68.82
20.37  68.75
20.37  68.78
20.37  68.77
20.37  68.72
20.37  68.72
20.38  68.78
20.37  68.78
20.37  68.84
20.36  68.75
20.36  68.82
20.37  68.78
20.36  68.79
20.37  68.75
20.37  68.97
20.29  66.28
20.04  55.85
19.62  52.03
19.30  51.79
19.05  49.96
18.81  49.74
18.61  49.78
18.44  49.47
18.36  48.81
18.21  48.88
18.11  49.53
17.99  48.73
17.90  49.58
17.84  49.84
17.71  49.65
17.56  49.36
17.64  50.74
17.87  51.45
18.07  52.06
18.26  53.56
18.41  53.53
18.56  55.25
18.69  54.89
18.80  54.78
18.92  55.32
18.99  55.73
19.07  55.65
19.15  55.61
19.21  55.78
19.26  55.93
19.31  56.03
19.35  56.42
19.41  56.64
19.45  57.21
19.48  57.57
19.51  57.89
19.54  57.98
19.57  58.03
19.61  58.21
19.63  59.20
19.65  59.16
19.68  59.24
19.70  59.62
19.72  59.85
19.74  59.61
19.77  59.88
19.79  59.90
19.80  60.11
19.82  59.75
19.84  60.05
19.87  60.32
19.88  60.29
19.89  60.41
19.91  60.41
19.92  60.54
19.94  60.54
19.96  60.63
19.97  60.73
19.98  60.71
19.98  60.88
20.01  60.92
20.03  60.88
20.03  61.02
20.05  60.95
20.07  61.15
20.08  61.16
20.09  61.20
20.10  61.31
20.11  61.41
20.12  61.43
20.13  61.45
20.13  61.49
20.15  61.69
20.16  61.78
20.17  61.85
20.16  61.91
20.17  61.95
20.20  61.92
20.21  62.10
20.23  62.10
20.25  62.17
20.25  62.18
20.27  62.26
20.29  62.33
20.31  62.22
20.33  62.37
20.32  62.49
20.34  62.62
20.35  62.55
20.36  62.59
20.39  62.91
20.38  62.77
20.41  63.10
20.42  63.03
20.44  62.96
20.44  63.29
20.46  62.74
20.47  62.47
20.48  62.11
20.50  61.60
20.48  61.36
20.47  61.05
20.45  60.76
20.44  60.92
20.44  60.76
20.45  60.82
20.45  60.75
20.44  60.60
20.42  60.38
20.44  60.54
20.43  60.33
20.43  60.00
20.41  59.33
20.41  59.72
20.41  59.37
20.42  59.08
20.43  59.37
20.43  58.89
20.42  58.82
20.43  59.19
20.42  59.00
20.41  59.05
20.41  58.27
20.42  58.35
20.42  58.26
20.42  58.47
20.42  58.52
20.43  58.30
20.43  58.06
20.43  57.82
20.43  57.98
20.42  57.86
20.43  57.45
20.42  57.70
20.42  57.11
20.42  57.41
20.41  57.25
20.42  57.34
20.42  57.45
20.41  57.48
20.40  56.96
20.44  57.61
20.48  57.42
20.46  57.22
20.47  57.01
20.45  56.87
20.48  57.37
20.47  56.67
20.48  56.84
20.46  56.97
20.44  56.85
20.43  56.80
20.43  56.67
20.43  56.80
20.42  56.67
20.41  56.82
20.40  56.35
20.41  56.53
20.39  56.84
20.40  56.93
20.40  56.96
20.40  57.15
20.41  57.18
20.41  57.34
20.42  57.51
20.42  57.65
20.43  57.63
20.43  57.86
20.46  58.00
20.48  57.94
20.49  57.96
20.49  58.14
20.47  57.47
20.42  56.11
20.36  55.07
20.30  55.00
20.24  55.12
20.18  55.23
20.20  55.50
20.20  56.01
20.23  56.21
20.28  56.25
20.29  56.40
20.32  56.74
20.33  56.79
20.36  57.02
20.38  57.22
20.38  57.91
20.42  57.58
20.44  57.10
20.42  57.08
20.41  57.09
20.39  57.40
20.37  57.49
20.37  57.62
20.36  57.82
20.36  57.99
20.36  58.06
20.38  58.07
20.40  58.13
20.39  58.19
20.42  58.31
20.41  58.23
20.41  58.33
20.42  58.36
20.46  58.69
20.45  58.52
20.46  58.47
20.48  58.50
20.48  58.53
20.51  58.70
20.51  58.62
20.53  58.82
20.52  58.90
20.51  58.88
20.53  58.95
20.56  59.09
20.57  58.94
20.58  59.09
20.59  59.13
20.58  59.21
20.59  59.19
20.61  59.22
20.63  59.45
20.64  59.35
20.64  59.46
20.63  59.40
20.65  59.63
20.66  59.50
20.65  59.49
20.66  59.59
20.67  59.57
20.66  59.58
20.67  59.58
20.66  59.65
20.64  59.70
20.65  59.68
20.64  59.96
20.65  59.87
20.68  60.12
20.68  59.99
20.68  59.98
20.75  60.12
20.74  60.12
20.72  60.15
20.72  60.09
20.69  60.32
20.68  60.19
20.66  60.22
20.64  60.22
20.63  60.32
20.62  60.39
20.65  60.46
20.66  60.38
20.65  60.36
20.68  60.44
20.67  60.41
20.66  60.61
20.67  60.47
20.69  60.62
20.68  60.56
20.69  60.46
20.68  60.48
20.69  60.54
20.69  60.63
